Epoch	AverageEpRet	StdEpRet	MaxEpRet	MinEpRet	EpLen	AverageVVals	StdVVals	MaxVVals	MinVVals	TotalEnvInteracts	LossPi	LossV	DeltaLossPi	DeltaLossV	Entropy	KL	ClipFrac	StopIter	Time	SuccessRateVal	OriSuccessRateVal	FinalDist	MaxFinalDist	MinFinalDist	FinalOriDist	MaxFinalOriDist	MinFinalOriDist	FinalOriScaledDist	MaxFinalOriScaledDist	MinFinalOriScaledDist
0	313.56104	957.72046	2140.556	-1555.8345	600.0	0.008797903	0.033850417	0.20571257	-0.23572877	24000	1.1175871e-08	31332.166	-0.01784615	-2764.6592	0.9189415	0.006914248	0.07383334	79.0	45.394384145736694	0.083333336	0.33333334	0.116387665	0.18084526	0.0070581553	0.5495885	0.9670905	0.005226235	0.5495885	0.9670905	0.005226235
1	48.03714	958.7289	2252.9644	-1505.804	600.0	29.17987	7.9871106	78.67141	7.2533937	48000	-1.8626451e-08	18495.475	-0.0200054	-1548.709	0.9151018	0.009414149	0.09941667	79.0	86.22328495979309	0.125	0.125	0.10303956	0.18058486	0.006591219	0.64799196	0.9767692	0.07567854	0.64799196	0.9767692	0.07567854
2	518.9204	964.9992	2305.6467	-1189.0785	600.0	33.624714	12.70886	84.9603	-0.16096428	72000	2.2351742e-08	27969.867	-0.022166809	-9817.483	0.9116189	0.010870702	0.10041666	79.0	124.15705251693726	0.25	0.45833334	0.110830344	0.18066657	0.022493307	0.49518275	0.98419845	0.05385585	0.49518275	0.98419845	0.05385585
3	496.05472	1065.6205	2484.9653	-1723.617	600.0	82.40158	57.98716	272.5509	-6.8302794	96000	-4.967054e-09	17179.67	-0.023857025	-3731.2703	0.91147494	0.011605277	0.11541667	79.0	161.62750029563904	0.20833333	0.33333334	0.105725266	0.18080603	0.016001722	0.59316283	0.9889809	0.10368812	0.59316283	0.9889809	0.10368812
4	424.07968	895.0605	1943.7451	-1289.3351	600.0	100.69502	108.33755	323.51376	-53.102688	120000	4.967054e-09	13379.017	-0.026757881	-2000.1771	0.9094592	0.009902961	0.13266666	79.0	200.6068732738495	0.041666668	0.33333334	0.113070704	0.18088387	0.031247918	0.5567598	0.9802879	0.003380938	0.5567598	0.9802879	0.003380938
5	394.25977	830.72974	2159.3457	-808.70435	600.0	95.92881	107.348305	331.6214	-68.10615	144000	0.0	14759.306	-0.027682014	-3215.039	0.9088185	0.0100773685	0.126125	79.0	239.55739545822144	0.083333336	0.45833334	0.13413845	0.18089347	0.033153955	0.48629484	0.8907136	0.07632032	0.48629484	0.8907136	0.07632032
6	265.50333	786.72705	1941.0352	-1195.1599	600.0	62.414616	101.29365	329.13907	-146.3204	168000	0.0	11254.981	-0.02600213	-1945.8932	0.9088529	0.01054288	0.12741667	79.0	277.9692986011505	0.083333336	0.20833333	0.11410629	0.18016194	0.022023056	0.6328579	0.94027895	0.13656174	0.6328579	0.94027895	0.13656174
7	824.10333	915.00085	2308.5452	-854.88983	600.0	99.16552	118.334625	360.93573	-82.91175	192000	-4.967054e-09	16547.795	-0.02651521	-2001.6984	0.9035285	0.011825421	0.142375	79.0	315.39734625816345	0.20833333	0.5	0.104872055	0.1805237	0.018915195	0.43322793	0.943404	0.018873068	0.43322793	0.943404	0.018873068
8	902.83075	735.7083	2371.7104	-34.701942	600.0	118.32088	127.40349	356.15536	-215.3479	216000	0.0	11527.151	-0.028097568	-1899.6738	0.898874	0.009101256	0.14191666	79.0	352.79646039009094	0.16666667	0.45833334	0.10560896	0.18021598	0.025314067	0.4078169	0.9043119	0.040844318	0.4078169	0.9043119	0.040844318
9	527.427	847.3426	2068.4402	-813.3069	600.0	128.25525	107.98356	327.56897	-62.707172	240000	7.450581e-09	10252.755	-0.025138468	-735.65234	0.8936638	0.009596334	0.14091666	79.0	389.92220664024353	0.125	0.375	0.123673044	0.17880973	0.02914325	0.52777165	0.99600965	0.02585752	0.52777165	0.99600965	0.02585752
10	336.68744	919.4629	2360.024	-1716.3428	600.0	66.22272	98.11058	330.4513	-90.13045	264000	-2.483527e-09	9219.923	-0.029615164	-1740.8271	0.8920443	0.010160594	0.15979166	79.0	427.41312050819397	0.083333336	0.29166666	0.13269009	0.18078077	0.040779267	0.5372704	0.91113406	0.009972649	0.5372704	0.91113406	0.009972649
11	826.55786	1085.8119	2489.9092	-1343.4742	600.0	92.47961	107.76883	326.02634	-94.86951	288000	-4.967054e-09	12827.379	-0.028744109	-3344.7117	0.88382167	0.010941763	0.15095833	79.0	464.755366563797	0.41666666	0.375	0.0884775	0.18075386	0.012179648	0.47767416	0.94183224	0.09074942	0.47767416	0.94183224	0.09074942
12	567.92523	869.7333	2176.1233	-1116.524	600.0	92.744576	133.80826	400.24722	-134.23006	312000	0.0	15067.036	-0.028729632	-2508.2874	0.88128847	0.010768252	0.14804167	79.0	502.5196840763092	0.20833333	0.375	0.10960028	0.17779589	0.031149257	0.5301754	0.99982816	0.04880882	0.5301754	0.99982816	0.04880882
13	653.70416	947.71216	2147.6804	-1261.0879	600.0	89.81876	119.95661	349.99207	-139.31169	336000	-4.967054e-09	10859.888	-0.03020101	-1205.7037	0.8790644	0.01114094	0.15283334	79.0	539.7011091709137	0.20833333	0.375	0.10088179	0.18074071	0.011385808	0.5239232	0.95341736	0.0022637835	0.5239232	0.95341736	0.0022637835
14	642.6817	1158.4956	2736.1638	-1528.843	600.0	120.4941	117.43681	388.87466	-105.45672	360000	1.2417634e-08	17032.623	-0.026803968	-3239.9246	0.87679195	0.0095987525	0.14608334	79.0	577.556389093399	0.29166666	0.29166666	0.10063988	0.18086442	0.0067433487	0.53249407	0.9449369	0.0091214925	0.53249407	0.9449369	0.0091214925
15	694.6119	1105.7068	2577.434	-1285.2349	600.0	120.0671	159.252	401.03363	-212.15434	384000	-4.967054e-09	14630.934	-0.031251382	-3845.011	0.87802595	0.0077955895	0.15275	79.0	621.4220039844513	0.20833333	0.5	0.12048157	0.18119797	0.025118757	0.47363237	0.968426	0.005104228	0.47363237	0.968426	0.005104228
16	781.73663	885.697	2293.9966	-1052.8334	600.0	121.56792	124.29252	331.1554	-79.66676	408000	0.0	11561.5625	-0.030399507	-1923.5889	0.8725868	0.012977355	0.16375001	79.0	660.1367318630219	0.375	0.33333334	0.08718044	0.17959473	0.01225891	0.45419598	0.9853101	0.029603025	0.45419598	0.9853101	0.029603025
17	720.4253	1050.055	3114.3035	-972.6675	600.0	104.72329	108.35054	323.19583	-53.748146	432000	-1.2417634e-08	14646.372	-0.029852137	-2421.7095	0.8698047	0.011796485	0.16683334	79.0	697.1542739868164	0.25	0.33333334	0.10477952	0.18076348	0.016354542	0.54605263	0.9715662	0.0021275014	0.54605263	0.9715662	0.0021275014
18	999.6616	874.4504	2490.316	-659.0829	600.0	126.13677	117.22993	322.14725	-129.01625	456000	4.967054e-09	10319.378	-0.031122623	-1287.4811	0.8664791	0.014057833	0.17141666	79.0	735.6719522476196	0.20833333	0.5416667	0.09904424	0.1629802	0.030625656	0.42213282	0.92081004	0.005248361	0.42213282	0.92081004	0.005248361
19	855.2632	1029.0815	2626.5105	-1106.728	600.0	112.324066	125.72581	314.9933	-124.62491	480000	7.450581e-09	11326.464	-0.031122679	-608.00214	0.8606065	0.013198058	0.18312502	79.0	773.9092617034912	0.20833333	0.41666666	0.09255701	0.17981566	0.0034058907	0.5169896	0.93288696	0.013543274	0.5169896	0.93288696	0.013543274
20	692.1453	939.7175	2198.4258	-1782.7467	600.0	139.2398	125.62582	336.4929	-128.79607	504000	1.2417635e-09	16739.361	-0.028346851	-2867.693	0.85744286	0.009955985	0.16487502	79.0	812.1915581226349	0.25	0.45833334	0.10988099	0.17948474	0.04000269	0.46881506	0.9326081	0.008598397	0.46881506	0.9326081	0.008598397
21	723.57184	918.2809	2546.2512	-712.13824	600.0	128.6431	105.710434	318.42352	-98.477455	528000	1.2417635e-09	10773.911	-0.030680189	-1655.5612	0.8562991	0.012460141	0.17062502	79.0	851.7981231212616	0.29166666	0.45833334	0.10455199	0.18088116	0.012326776	0.41892758	0.954542	0.0147749	0.41892758	0.954542	0.0147749
22	982.3675	1039.1523	2334.7058	-768.3576	600.0	129.81154	123.14833	328.03607	-116.83925	552000	-1.7384687e-08	12467.137	-0.02912316	-2345.799	0.85107356	0.009962984	0.15920834	79.0	891.1431336402893	0.375	0.5	0.0952453	0.1612428	0.010233978	0.44708315	0.9582081	0.0022092904	0.44708315	0.9582081	0.0022092904
23	911.94257	1013.20026	2921.8628	-1171.0156	600.0	153.39885	129.17384	345.53964	-69.559875	576000	2.483527e-09	8278.176	-0.02804123	-904.1486	0.8451428	0.01205752	0.16425	79.0	927.4635128974915	0.29166666	0.5	0.10341159	0.18094939	0.0209182	0.44188538	0.9324536	0.017258348	0.44188538	0.9324536	0.017258348
24	505.77505	826.1057	2745.0657	-413.00974	600.0	90.06525	122.37763	344.60934	-105.828995	600000	-7.450581e-09	9095.028	-0.03129084	-1293.7037	0.84177285	0.011214587	0.18216665	79.0	963.9534113407135	0.16666667	0.20833333	0.09421221	0.1499004	0.024150304	0.57824963	0.96197814	0.14407866	0.57824963	0.96197814	0.14407866
25	919.1719	1094.4983	2687.2734	-742.42413	600.0	138.78563	128.41032	351.9004	-71.30825	624000	1.3659398e-08	11780.173	-0.031973485	-2300.4321	0.83901554	0.013282922	0.17675	79.0	1001.5249795913696	0.375	0.45833334	0.10215346	0.18060578	0.023005484	0.523822	0.98622805	0.031038592	0.523822	0.98622805	0.031038592
26	568.9393	735.6383	2070.2322	-982.66315	600.0	103.52598	140.97868	354.7395	-119.57674	648000	-1.2417635e-09	11345.864	-0.028802956	-1975.2032	0.8362334	0.010826197	0.17445832	79.0	1038.5653808116913	0.125	0.375	0.107369505	0.1722221	0.020511212	0.50751776	0.89761716	0.02142276	0.50751776	0.89761716	0.02142276
27	375.62753	930.7246	2631.1177	-1410.3436	600.0	100.35374	110.28467	293.716	-94.86813	672000	-2.483527e-09	15185.667	-0.031048194	-2269.0	0.8327392	0.011497653	0.17329167	79.0	1075.4133956432343	0.125	0.20833333	0.11586519	0.18085216	0.030674646	0.63201755	0.99820143	0.06954915	0.63201755	0.99820143	0.06954915
28	255.49452	834.3161	1505.2103	-1332.8483	600.0	85.880905	114.25466	334.78088	-94.618385	696000	2.483527e-09	10382.349	-0.030637681	-2000.548	0.82765514	0.012969797	0.18241666	79.0	1112.4338915348053	0.041666668	0.29166666	0.11723801	0.1808729	0.033302136	0.5939991	0.97244406	0.06595399	0.5939991	0.97244406	0.06595399
29	875.9043	908.80853	2485.9421	-1121.8806	600.0	116.08496	122.56439	291.5314	-125.73456	720000	-4.967054e-09	9632.187	-0.033122413	-1879.6195	0.82520217	0.011750351	0.194125	79.0	1149.5182855129242	0.25	0.5	0.09280083	0.18063377	0.010823953	0.4705439	0.96707374	0.017214574	0.4705439	0.96707374	0.017214574
30	931.9725	998.8804	2351.0361	-970.87085	600.0	143.37126	122.29648	337.7262	-59.45411	744000	-2.483527e-09	10159.898	-0.03233587	-1822.8214	0.8209451	0.013061251	0.18758333	79.0	1186.6962361335754	0.33333334	0.45833334	0.10216409	0.17719519	0.030762356	0.45287013	0.9724509	0.019498808	0.45287013	0.9724509	0.019498808
31	613.34174	1120.644	2380.4778	-1676.82	600.0	121.39528	131.28865	320.87476	-120.63174	768000	9.934108e-09	11086.054	-0.03108205	-1552.789	0.8193616	0.011381007	0.17258334	79.0	1224.586148738861	0.25	0.375	0.096943974	0.18072855	0.0393112	0.5021287	0.9633351	0.0021217787	0.5021287	0.9633351	0.0021217787
32	658.16425	1016.2256	2458.3438	-1496.6675	600.0	120.04505	134.73021	327.62805	-131.25797	792000	-6.208817e-09	14426.886	-0.032192454	-2242.534	0.8202732	0.011214661	0.20341666	79.0	1264.0059189796448	0.16666667	0.375	0.09679005	0.18079609	0.0077608563	0.5255532	0.92647314	0.020729756	0.5255532	0.92647314	0.020729756
33	830.7837	1001.05554	2709.1357	-328.0486	600.0	126.72485	120.43105	341.03726	-95.09743	816000	-1.6142925e-08	10998.1045	-0.031990055	-1610.568	0.8136675	0.013016078	0.20579167	79.0	1301.9448733329773	0.20833333	0.41666666	0.10008216	0.15397316	0.022594957	0.54447556	0.98467	0.031721912	0.54447556	0.98467	0.031721912
34	844.8035	774.25385	2160.546	-19.71629	600.0	133.89877	121.71418	335.32346	-89.72446	840000	-1.8626451e-09	9712.712	-0.031571	-2439.3362	0.8066303	0.015008996	0.19145834	67.0	1339.9936912059784	0.29166666	0.33333334	0.08047995	0.14573972	0.012763822	0.5276844	0.9431023	0.10483056	0.5276844	0.9431023	0.10483056
35	916.9914	932.1181	2553.7424	-600.3343	600.0	126.96225	120.42775	332.14554	-72.76966	864000	-3.7252903e-09	11828.175	-0.03245068	-973.5852	0.801786	0.012732242	0.20220834	79.0	1378.0502133369446	0.25	0.375	0.09151598	0.18060182	0.023459535	0.5136681	0.98902524	0.02593086	0.5136681	0.98902524	0.02593086
36	633.8369	782.95526	2124.797	-813.68195	600.0	104.012085	112.164925	339.12845	-96.013336	888000	9.934108e-09	9253.72	-0.034093436	-1693.6621	0.7966366	0.012938503	0.202	79.0	1414.5977537631989	0.041666668	0.375	0.11457632	0.17603332	0.0178811	0.5097104	0.9885094	0.09417766	0.5097104	0.9885094	0.09417766
37	638.89624	989.87146	2702.6372	-1045.3079	600.0	102.27854	101.510056	296.20956	-66.20827	912000	1.9868216e-08	10442.247	-0.032844454	-1747.8281	0.7912267	0.014109817	0.19058335	79.0	1453.4711949825287	0.29166666	0.375	0.10266773	0.17703958	0.021390645	0.47056374	0.95925325	0.0571018	0.47056374	0.95925325	0.0571018
38	587.4539	1044.9431	2395.93	-1175.9008	600.0	84.114456	123.02304	328.8613	-126.09876	936000	1.2417635e-09	8655.296	-0.031829953	-812.00165	0.78516704	0.0135320425	0.18625002	79.0	1493.280621290207	0.375	0.29166666	0.10169812	0.18079938	0.011063732	0.5264502	0.9694096	0.08498426	0.5264502	0.9694096	0.08498426
39	946.887	955.57117	2386.69	-333.78528	600.0	111.69666	142.38661	351.1079	-135.89085	960000	2.483527e-09	9484.381	-0.03053703	-1004.19073	0.78457516	0.012467742	0.19854166	79.0	1533.5972774028778	0.20833333	0.45833334	0.09307126	0.15425916	0.027047386	0.47667345	0.9734203	0.01675493	0.47667345	0.9734203	0.01675493
40	556.5982	839.818	2055.3384	-1195.1382	600.0	110.01446	120.815186	350.8052	-73.60786	984000	-4.967054e-09	10479.999	-0.033107657	-1909.8676	0.7767935	0.015005943	0.19566667	73.0	1570.4135937690735	0.25	0.29166666	0.099950515	0.18076667	0.018735621	0.5345385	0.9233664	0.032977484	0.5345385	0.9233664	0.032977484
41	693.3887	712.5715	2382.223	-46.633484	600.0	102.60598	106.64682	297.80173	-67.1072	1008000	-1.2417634e-08	9598.9795	-0.031808894	-1244.6896	0.77397674	0.0150644705	0.195875	57.0	1607.8013365268707	0.125	0.41666666	0.098371424	0.18075737	0.02066418	0.49448308	0.988475	0.006570952	0.49448308	0.988475	0.006570952
42	786.92334	774.11523	2081.722	-1028.0594	600.0	137.30956	114.14501	320.9256	-56.801517	1032000	1.2417634e-08	11066.237	-0.033794973	-1156.3839	0.7659337	0.015068178	0.20324999	75.0	1643.285980463028	0.25	0.41666666	0.095873594	0.17295639	0.02939184	0.45613655	0.9080437	0.025299622	0.45613655	0.9080437	0.025299622
43	728.3879	930.47675	2947.873	-562.0768	600.0	120.62477	111.282646	348.00507	-65.99077	1056000	0.0	7711.4766	-0.032066803	-1432.0088	0.76340145	0.015068413	0.1935	64.0	1680.5885653495789	0.16666667	0.33333334	0.101215415	0.17227155	0.015124663	0.55772525	0.9885106	0.007988669	0.55772525	0.9885106	0.007988669
44	837.0562	964.011	2890.851	-1127.3123	600.0	137.82437	130.90814	377.26605	-81.46325	1080000	7.450581e-09	11814.198	-0.031595584	-1482.433	0.7590601	0.015089188	0.19412501	74.0	1717.7884237766266	0.16666667	0.45833334	0.09348825	0.18095827	0.025207764	0.5084433	0.94072855	0.08051274	0.5084433	0.94072855	0.08051274
45	924.3828	883.1646	2628.4717	-1025.283	600.0	123.66126	130.06056	338.26263	-122.84761	1104000	4.967054e-09	11586.524	-0.035763506	-1857.5148	0.75508934	0.014027835	0.21833332	79.0	1757.295250415802	0.20833333	0.5416667	0.115530334	0.18092433	0.017344898	0.41950664	0.9468997	0.017728213	0.41950664	0.9468997	0.017728213
46	736.4179	954.69116	2388.4622	-1027.8917	600.0	127.923836	114.7293	331.24463	-91.72744	1128000	9.934108e-09	10842.001	-0.02983133	-2897.711	0.7496123	0.015059502	0.179	46.0	1791.8766734600067	0.16666667	0.375	0.09546486	0.18073365	0.027980553	0.5422457	0.9924597	0.030284343	0.5422457	0.9924597	0.030284343
47	902.687	938.64307	2308.3315	-765.9705	600.0	138.15079	119.80855	332.5408	-102.146065	1152000	4.967054e-09	7282.5234	-0.03576576	-824.60004	0.74399644	0.014828042	0.20341666	79.0	1827.6314175128937	0.20833333	0.5	0.096676864	0.16877511	0.007098409	0.47187996	0.9731568	0.025199814	0.47187996	0.9731568	0.025199814
48	1177.2128	919.3067	2884.7417	-450.75107	600.0	163.12523	123.36909	337.87164	-99.0234	1176000	1.2417635e-09	14644.926	-0.03415171	-2076.537	0.7390793	0.015001338	0.20766668	76.0	1865.2306356430054	0.375	0.5833333	0.090285815	0.18007281	0.015213307	0.43022346	0.9939504	0.023576729	0.43022346	0.9939504	0.023576729
49	527.7051	883.7111	2177.2915	-920.65497	600.0	119.22759	108.00801	325.8344	-100.97353	1200000	1.4901161e-08	19993.264	-0.026899463	-5060.5845	0.73310786	0.015088826	0.17645831	36.0	1903.0349504947662	0.20833333	0.375	0.11140764	0.17771612	0.0073451297	0.49679592	0.9988277	0.02564333	0.49679592	0.9988277	0.02564333
50	827.9712	1127.9958	2436.8296	-1119.3035	600.0	95.89227	126.485275	297.7125	-159.81677	1224000	0.0	13205.277	-0.03475524	-3614.0496	0.73224425	0.013131249	0.19625	79.0	1939.9673290252686	0.41666666	0.375	0.095163524	0.18080677	0.017114796	0.45995462	0.9734544	0.023964506	0.45995462	0.9734544	0.023964506
51	816.37524	890.7366	2541.7402	-181.26921	600.0	117.498825	129.15134	342.73727	-117.827354	1248000	3.7252903e-09	7284.1157	-0.030940706	-1382.2504	0.7291169	0.015109308	0.18820834	55.0	1980.260987997055	0.20833333	0.29166666	0.0865106	0.15125819	0.016367959	0.5642085	0.9372419	0.10190791	0.5642085	0.9372419	0.10190791
52	1021.291	716.0219	2239.661	-373.96365	600.0	149.90556	123.81363	355.5919	-73.05785	1272000	9.934108e-09	10436.243	-0.03097476	-2241.7637	0.725419	0.015079907	0.18675001	58.0	2017.6944286823273	0.25	0.45833334	0.086880766	0.1518345	0.04854171	0.45661736	0.81166357	0.03686493	0.45661736	0.81166357	0.03686493
53	625.0324	892.3977	2567.4214	-871.4683	600.0	108.996574	105.24014	317.8364	-74.684784	1296000	-2.483527e-09	7769.5024	-0.03448798	-1075.5656	0.71857977	0.013192858	0.20979166	79.0	2056.1731531620026	0.20833333	0.375	0.09163424	0.1668407	0.02376649	0.5692591	0.9878346	0.00751357	0.5692591	0.9878346	0.00751357
54	637.80255	844.8015	2563.6545	-301.53748	600.0	126.65562	114.92386	342.4318	-84.25158	1320000	9.934108e-09	10764.823	-0.029614853	-2121.489	0.7126985	0.015086117	0.18320835	41.0	2093.5303790569305	0.125	0.375	0.10810215	0.18093152	0.01573449	0.47738588	0.9852597	0.08105316	0.47738588	0.9852597	0.08105316
55	681.44214	909.17474	2365.0996	-893.04346	600.0	117.81007	133.5518	383.36765	-88.23143	1344000	9.934108e-09	7434.4517	-0.035291716	-1039.9457	0.71053106	0.012983159	0.20808333	79.0	2131.714218378067	0.29166666	0.29166666	0.083422385	0.15883385	0.013531732	0.5618188	0.9879741	0.002963328	0.5618188	0.9879741	0.002963328
56	1048.7291	914.44434	2382.5632	-819.027	600.0	149.58835	127.7361	376.56625	-95.32253	1368000	8.692344e-09	11482.222	-0.031094112	-2359.905	0.70530945	0.015039074	0.18945833	47.0	2170.0372381210327	0.20833333	0.5416667	0.09710065	0.17698947	0.0121073825	0.4256511	0.9533197	0.019524535	0.4256511	0.9533197	0.019524535
57	839.0489	874.09216	2352.5054	-298.01807	600.0	138.25038	119.09714	339.62997	-90.42112	1392000	-2.483527e-09	11270.028	-0.034741867	-2061.277	0.7012172	0.014905115	0.22049999	79.0	2214.361351966858	0.125	0.375	0.0988986	0.16912112	0.013859322	0.51423967	0.98480654	0.006450533	0.51423967	0.98480654	0.006450533
58	906.71954	841.55383	2576.5437	-311.26212	600.0	123.782814	128.22488	369.04214	-94.09749	1416000	1.7384687e-08	10453.379	-0.03499189	-1664.2495	0.69443154	0.014197491	0.21183331	79.0	2252.992919921875	0.29166666	0.33333334	0.08020659	0.16231292	0.026193416	0.539471	0.9376486	0.030300189	0.539471	0.9376486	0.030300189
59	897.38727	874.7932	2411.3562	-507.69788	600.0	147.9871	132.7121	423.33716	-60.33594	1440000	1.3038516e-08	8400.358	-0.031783346	-2031.7731	0.6870888	0.015115954	0.19466667	47.0	2297.0371432304382	0.20833333	0.45833334	0.11989993	0.16692254	0.040330227	0.40942153	0.9536079	0.008349753	0.40942153	0.9536079	0.008349753
60	1122.8679	939.67194	2772.082	-64.74793	600.0	131.85976	110.2383	334.29807	-72.38865	1464000	1.4901161e-08	15041.191	-0.029897705	-2926.4434	0.68210155	0.01511145	0.18949999	49.0	2335.035094499588	0.41666666	0.41666666	0.07841233	0.15328518	0.024560886	0.47232404	0.97011656	0.011526943	0.47232404	0.97011656	0.011526943
61	769.30707	984.1746	2448.9988	-605.21173	600.0	130.76076	123.648766	411.2446	-78.20792	1488000	0.0	18446.469	-0.028500602	-2923.8035	0.67842704	0.015073693	0.19125001	45.0	2372.870735168457	0.25	0.375	0.087144084	0.1618283	0.018311111	0.5128151	0.970897	0.006295427	0.5128151	0.970897	0.006295427
62	504.00803	773.5695	2036.1372	-875.29846	600.0	95.57722	99.409164	346.23206	-69.775024	1512000	-1.9868216e-08	10181.868	-0.03265668	-1897.3007	0.678047	0.015377741	0.1915	54.0	2414.6345734596252	0.083333336	0.20833333	0.0975947	0.17993389	0.016063739	0.6010191	0.8952925	0.10128586	0.6010191	0.8952925	0.10128586
63	1005.99536	979.5455	2548.4456	-1335.8177	600.0	135.92107	118.639	349.0292	-59.95678	1536000	-4.967054e-09	13581.353	-0.03640107	-1999.7026	0.6753195	0.014950176	0.22020835	79.0	2452.380852460861	0.29166666	0.5833333	0.08922861	0.18048643	0.014754057	0.42055106	0.8580024	0.011556228	0.42055106	0.8580024	0.011556228
64	664.39307	929.22485	2363.5435	-951.62976	600.0	106.7604	115.72848	346.36148	-70.86053	1560000	2.483527e-09	12895.398	-0.025531398	-1769.1	0.67284864	0.015244787	0.17545836	30.0	2490.3758494853973	0.25	0.29166666	0.0905175	0.17884469	0.01865393	0.5371776	0.96280247	0.10672969	0.5371776	0.96280247	0.10672969
65	749.97955	902.10297	2674.5046	-943.7669	600.0	116.52392	103.56244	354.5384	-91.80396	1584000	-7.450581e-09	14807.109	-0.033285365	-1446.0526	0.6667747	0.0150527125	0.19720833	55.0	2527.6362340450287	0.29166666	0.45833334	0.09008229	0.16503778	0.022239147	0.48888564	0.9681984	0.042866144	0.48888564	0.9681984	0.042866144
66	871.211	855.39233	2490.2585	-361.03146	600.0	119.036316	103.29808	321.1693	-78.29707	1608000	1.7384687e-08	13878.489	-0.03283829	-2001.409	0.66526055	0.015056943	0.19729167	62.0	2566.09250164032	0.29166666	0.20833333	0.08005232	0.16425118	0.014701018	0.5906259	0.9818736	0.059826087	0.5906259	0.9818736	0.059826087
67	917.8882	827.2796	2221.439	-711.8215	600.0	133.74959	94.90045	351.27982	-68.12761	1632000	4.967054e-09	12619.153	-0.028215626	-2788.163	0.6616764	0.015108481	0.171875	36.0	2605.937958717346	0.25	0.45833334	0.08768737	0.1442657	0.018002296	0.4595873	0.9761559	0.01263047	0.4595873	0.9761559	0.01263047
68	1002.9284	1005.2214	2774.489	-273.89755	600.0	152.32703	110.83261	361.73257	-90.4378	1656000	-4.967054e-09	14240.333	-0.028168753	-1484.1055	0.65937823	0.015150629	0.18283331	39.0	2648.4261078834534	0.33333334	0.41666666	0.09383631	0.18026368	0.014842948	0.4806973	0.96175927	0.00095793343	0.4806973	0.96175927	0.00095793343
69	970.70355	1068.8611	3102.5156	-1110.394	600.0	147.16153	118.77014	356.70007	-93.57905	1680000	-4.967054e-09	11618.894	-0.03695675	-1645.2201	0.6568256	0.014735154	0.21537499	79.0	2686.8908245563507	0.29166666	0.5416667	0.10005087	0.17973176	0.017014373	0.45186353	0.9941073	0.06289525	0.45186353	0.9941073	0.06289525
70	951.53644	1116.7402	2743.3147	-909.9631	600.0	129.06248	123.0718	335.07498	-135.81075	1704000	1.2417634e-08	15131.647	-0.03488568	-1892.5186	0.6544964	0.015041921	0.20566666	66.0	2728.3572676181793	0.33333334	0.33333334	0.09082083	0.18062703	0.016230196	0.5084449	0.97592366	0.0027673661	0.5084449	0.97592366	0.0027673661
71	1030.0393	857.84015	2358.5913	-501.36768	600.0	149.10678	138.96165	367.45108	-219.43378	1728000	-1.2417635e-09	13404.636	-0.036144603	-2950.4949	0.65318704	0.015001233	0.222	65.0	2770.9856927394867	0.20833333	0.625	0.10847792	0.18014166	0.026661038	0.34700426	0.99312145	0.0030607844	0.34700426	0.99312145	0.0030607844
72	769.20166	785.4533	2176.654	-473.17297	600.0	135.7777	109.40533	348.0596	-119.997665	1752000	4.967054e-09	12079.102	-0.03519462	-2952.6077	0.6513177	0.01509982	0.22395833	79.0	2811.324611902237	0.25	0.33333334	0.08406467	0.15322447	0.014684939	0.512384	0.9252841	0.018245159	0.512384	0.9252841	0.018245159
73	1249.0731	945.12524	2598.064	-764.27686	600.0	146.81067	121.59575	358.9299	-92.69737	1776000	1.4901161e-08	10547.738	-0.028062603	-1600.9926	0.6468753	0.015030199	0.18575001	37.0	2849.4193217754364	0.45833334	0.5833333	0.092414	0.17083813	0.006156561	0.38698927	0.9673247	0.0152545115	0.38698927	0.9673247	0.0152545115
74	783.105	924.1355	2334.9863	-645.6238	600.0	128.659	119.575096	346.1534	-171.58916	1800000	3.7252903e-09	17530.021	-0.03209742	-2131.2705	0.64397514	0.015011969	0.217375	51.0	2892.599646091461	0.29166666	0.41666666	0.09151685	0.18077308	0.022959866	0.4476141	0.9435759	0.0027833262	0.4476141	0.9435759	0.0027833262
75	731.33234	924.8647	2793.6067	-707.3394	600.0	99.12329	103.38837	339.57312	-98.26899	1824000	-7.450581e-09	11735.195	-0.030967442	-2561.438	0.6394113	0.015056235	0.18599999	46.0	2931.8103046417236	0.16666667	0.33333334	0.09680065	0.15684302	0.007704645	0.5767899	0.9652887	0.005345513	0.5767899	0.9652887	0.005345513
76	868.7378	817.86786	2488.5654	-80.73598	600.0	132.93855	111.355064	345.90298	-109.99676	1848000	9.934108e-09	8530.912	-0.025794864	-1179.4393	0.6326679	0.015174297	0.17091668	30.0	2968.8847889900208	0.29166666	0.33333334	0.08110233	0.14431001	0.015808837	0.51028675	0.9909083	0.005232625	0.51028675	0.9909083	0.005232625
77	877.5336	948.08185	3012.6682	-737.2102	600.0	154.06851	122.392334	383.2645	-84.22432	1872000	-2.483527e-09	15455.078	-0.029795945	-4033.4558	0.62906855	0.015064716	0.20195834	36.0	3018.445204973221	0.25	0.5	0.09323877	0.1750803	0.013622733	0.46928644	0.99408776	0.012666198	0.46928644	0.99408776	0.012666198
78	1215.6268	931.05493	2422.9304	-930.1533	600.0	157.00838	115.13795	422.04306	-75.35373	1896000	-4.967054e-09	13823.185	-0.032116503	-2014.5734	0.6272038	0.015066665	0.19508334	53.0	3059.753992319107	0.41666666	0.5833333	0.087238334	0.17877892	0.008601508	0.41046166	0.9012822	0.032195766	0.41046166	0.9012822	0.032195766
79	1007.3952	977.2084	2552.4612	-240.54156	600.0	154.39326	120.72997	383.51678	-118.44009	1920000	0.0	10944.359	-0.026684463	-1386.7418	0.62278414	0.015077752	0.19766666	30.0	3098.905403614044	0.33333334	0.45833334	0.095905066	0.15789005	0.019075336	0.46444383	0.99561584	0.03590834	0.46444383	0.99561584	0.03590834
80	821.2432	904.4256	2263.8757	-397.76752	600.0	137.8161	125.03213	372.69852	-91.440475	1944000	0.0	10988.839	-0.03628004	-2103.4834	0.61518186	0.015122921	0.23970835	72.0	3137.9748961925507	0.25	0.375	0.088374674	0.15174846	0.028889393	0.4764433	0.9634219	0.010218444	0.4764433	0.9634219	0.010218444
81	814.24774	798.30084	2604.7864	-47.27996	600.0	103.84977	123.82275	384.2802	-117.8449	1968000	-1.1175871e-08	9116.468	-0.0286765	-1223.9855	0.6080694	0.015112455	0.18975	37.0	3178.319092988968	0.20833333	0.33333334	0.08833724	0.18085454	0.023928875	0.57611144	0.9630849	0.019802041	0.57611144	0.9630849	0.019802041
82	1034.0924	847.24756	2371.9429	-601.85547	600.0	164.44862	117.987564	333.5844	-127.70518	1992000	0.0	9161.827	-0.031892072	-1314.2599	0.6076263	0.015030652	0.19258332	46.0	3221.3250687122345	0.41666666	0.5833333	0.09674915	0.16909125	0.012605557	0.38102302	0.96759576	0.02177865	0.38102302	0.96759576	0.02177865
83	580.79767	789.9804	2269.62	-800.8175	600.0	103.1646	122.38826	387.18454	-78.8073	2016000	-2.483527e-09	9599.6455	-0.029489292	-1304.1763	0.6063792	0.015009868	0.19979167	44.0	3261.4311270713806	0.16666667	0.33333334	0.09485125	0.17212376	0.010100371	0.53719336	0.94439596	0.015701354	0.53719336	0.94439596	0.015701354
84	1133.8911	920.74225	2671.21	-719.3496	600.0	162.49539	116.868095	334.87534	-62.670914	2040000	1.2417635e-09	8445.683	-0.031142429	-844.30536	0.602714	0.015039165	0.19533335	49.0	3303.828341960907	0.375	0.5833333	0.09359636	0.18008673	0.012052035	0.44646955	0.99345607	0.009286339	0.44646955	0.99345607	0.009286339
85	1037.5656	815.14056	2477.722	-506.32114	600.0	145.6863	119.436714	350.15186	-80.0866	2064000	9.934108e-09	10972.933	-0.0310511	-1960.7565	0.5992933	0.015141275	0.19891667	40.0	3347.3995156288147	0.29166666	0.5416667	0.096792676	0.18042965	0.009386588	0.40876937	0.9849468	0.023784684	0.40876937	0.9849468	0.023784684
86	792.84955	930.3234	2796.713	-797.0172	600.0	151.68794	113.46312	353.22363	-125.82793	2088000	4.967054e-09	14549.609	-0.03604777	-3269.786	0.59901893	0.013130994	0.22604167	79.0	3392.7367866039276	0.16666667	0.375	0.11472631	0.18069714	0.041382257	0.47938275	0.9712197	0.006308158	0.47938275	0.9712197	0.006308158
87	874.1232	947.3468	2970.1104	-653.57196	600.0	106.80779	133.07657	366.12344	-131.28423	2112000	3.7252903e-09	13676.703	-0.02776972	-3913.388	0.59523505	0.015285566	0.19875	32.0	3434.3754391670227	0.20833333	0.41666666	0.10271717	0.1804678	0.01874753	0.53290415	0.99808115	0.080889955	0.53290415	0.99808115	0.080889955
88	941.1091	879.46136	2374.9329	-467.135	600.0	161.54367	113.53239	412.17987	-98.3992	2136000	-1.9868216e-08	10417.79	-0.024819424	-1790.8433	0.5925465	0.01500079	0.16729166	25.0	3474.3540909290314	0.375	0.45833334	0.082428895	0.16007638	0.030707883	0.4137809	0.9753764	0.0044978466	0.4137809	0.9753764	0.0044978466
89	1130.8052	940.7096	2766.1436	-180.803	600.0	159.52243	134.28938	384.2456	-101.66618	2160000	-4.967054e-09	13195.113	-0.028772464	-2171.8171	0.5892475	0.015038674	0.19258332	38.0	3515.276215314865	0.375	0.45833334	0.08987894	0.18062106	0.01333963	0.44039568	0.97753227	0.08414116	0.44039568	0.97753227	0.08414116
90	591.0368	696.19385	2090.1516	-522.90814	600.0	110.0864	112.5518	382.12024	-155.59537	2184000	9.623666e-09	13584.456	-0.037680432	-1989.8229	0.58667654	0.014638339	0.23183334	79.0	3555.3327791690826	0.16666667	0.29166666	0.09929713	0.18089165	0.023431728	0.55731106	0.9368465	0.038143963	0.55731106	0.9368465	0.038143963
91	596.28827	964.16016	2732.884	-880.8471	600.0	103.411606	107.15467	315.5586	-104.40351	2208000	2.483527e-09	10953.8955	-0.032639157	-2807.306	0.5817829	0.015212751	0.20066667	48.0	3601.1931142807007	0.125	0.375	0.100227244	0.18077113	0.0059528723	0.5458911	0.94964826	0.04252266	0.5458911	0.94964826	0.04252266
92	982.09686	934.9234	2697.6135	-815.1495	600.0	137.34676	128.05162	397.7928	-72.4375	2232000	4.967054e-09	15034.032	-0.032669928	-3153.5916	0.57848924	0.01513654	0.21708333	51.0	3642.1313140392303	0.45833334	0.45833334	0.09406853	0.17873493	0.0094565805	0.389928	0.9821508	0.0031806778	0.389928	0.9821508	0.0031806778
93	589.45654	854.47705	2371.8113	-785.12274	600.0	112.81221	109.73193	346.95236	-42.220695	2256000	-2.483527e-09	12778.383	-0.030806804	-1583.3467	0.5708194	0.015081935	0.209125	43.0	3685.089273929596	0.20833333	0.20833333	0.09383851	0.18073781	0.016510382	0.57378733	0.976426	0.03959693	0.57378733	0.976426	0.03959693
94	882.3211	983.8222	2200.935	-1261.3978	600.0	158.12123	119.62327	342.99786	-64.199844	2280000	-7.450581e-09	10497.157	-0.03151354	-1730.6547	0.56620747	0.015000257	0.19966668	47.0	3732.874760389328	0.20833333	0.5	0.1125802	0.18084855	0.017820528	0.4175917	0.92589086	0.0030352385	0.4175917	0.92589086	0.0030352385
95	517.2085	860.9894	2292.6228	-1123.2622	600.0	110.18687	125.23222	329.0246	-107.63517	2304000	1.2417634e-08	11547.403	-0.030398324	-1820.8612	0.56519556	0.015036672	0.22516666	36.0	3777.335114002228	0.083333336	0.20833333	0.10683763	0.18025272	0.034742083	0.5839891	0.9663913	0.004390229	0.5839891	0.9663913	0.004390229
96	1507.892	948.1141	2913.8762	-265.87982	600.0	149.40604	125.37398	332.88303	-121.27505	2328000	1.2417634e-08	11357.772	-0.02873039	-2091.674	0.56099075	0.015019886	0.19562499	32.0	3818.401202917099	0.5416667	0.6666667	0.08215179	0.18073505	0.017232753	0.32968864	0.96636724	0.05494425	0.32968864	0.96636724	0.05494425
97	792.9559	944.8046	2828.2122	-380.74405	600.0	121.0804	121.764404	355.5813	-73.31316	2352000	1.6142925e-08	11332.218	-0.027825907	-1263.5795	0.55874914	0.01501624	0.19808334	33.0	3861.002755880356	0.41666666	0.33333334	0.096838474	0.17686953	0.03391056	0.53982705	0.9835189	0.103187144	0.53982705	0.9835189	0.103187144
98	876.02924	760.57623	2623.616	-631.7545	600.0	150.77254	126.68771	385.81195	-83.216194	2376000	-6.208817e-09	16296.6455	-0.030079113	-3710.1016	0.55586165	0.015344221	0.21208334	40.0	3902.73362660408	0.33333334	0.375	0.07996618	0.16861083	0.020161154	0.5200859	0.9767465	0.030454772	0.5200859	0.9767465	0.030454772
99	1160.9268	900.2423	2648.8972	-521.32544	600.0	156.35725	126.550316	362.65015	-93.1312	2400000	-1.4901161e-08	16386.814	-0.030304424	-3490.0027	0.5513944	0.015263583	0.19699998	39.0	3946.8621003627777	0.29166666	0.625	0.10236714	0.18077914	0.007006807	0.37912205	0.9453205	0.00043705694	0.37912205	0.9453205	0.00043705694
100	726.41626	787.47943	2322.0232	-870.13544	600.0	121.48197	107.086174	354.6598	-206.68553	2424000	-2.483527e-09	12099.579	-0.038019024	-3077.6387	0.5509753	0.01484187	0.22179167	79.0	3990.4836280345917	0.29166666	0.41666666	0.1002028	0.17298509	0.031079108	0.42939344	0.9215548	0.026545059	0.42939344	0.9215548	0.026545059
101	1163.6755	820.34766	2425.1814	-43.83	600.0	140.45605	106.75275	328.78003	-94.14841	2448000	-1.4901161e-08	11232.718	-0.026512668	-2189.2625	0.54726785	0.015007795	0.17658333	27.0	4029.9603700637817	0.25	0.625	0.09538587	0.15800841	0.03275256	0.41617164	0.9535777	9.8768534e-05	0.41617164	0.9535777	9.8768534e-05
102	1176.8973	763.694	2305.6604	-294.76898	600.0	160.62213	105.28367	349.48166	-65.611984	2472000	-2.483527e-09	15944.083	-0.014206809	-1824.6263	0.54558027	0.015114072	0.18725	11.0	4073.420772075653	0.375	0.5833333	0.0945285	0.16144103	0.026013115	0.36164212	0.9989005	5.5775312e-05	0.36164212	0.9989005	5.5775312e-05
103	1164.2731	910.8797	2713.4001	-784.96747	600.0	159.14714	98.964455	361.72748	-93.37008	2496000	2.483527e-09	14763.7705	-0.031174904	-2342.4695	0.5446272	0.015000549	0.18641667	45.0	4115.9456124305725	0.29166666	0.45833334	0.07140576	0.1681991	0.016546214	0.48647702	0.92725515	0.0036598137	0.48647702	0.92725515	0.0036598137
104	916.149	925.5432	2670.37	-663.6288	600.0	158.07146	102.213936	384.01114	-107.13431	2520000	2.483527e-09	14532.472	-0.032367606	-2290.8694	0.54352266	0.015013474	0.198	52.0	4156.342010736465	0.25	0.5	0.104237296	0.17587079	0.031042323	0.4494507	0.9806897	0.005132027	0.4494507	0.9806897	0.005132027
105	1111.728	901.1148	2457.9333	-613.432	600.0	162.11032	115.051926	390.04007	-111.57351	2544000	1.2417635e-09	13141.917	-0.031560805	-1762.5953	0.5405076	0.01521479	0.21204166	42.0	4196.975211143494	0.45833334	0.5416667	0.07803831	0.17197977	0.016475096	0.38414988	0.9231616	0.088818245	0.38414988	0.9231616	0.088818245
106	890.9299	868.7127	2281.7266	-906.8942	600.0	149.24612	127.72137	361.83997	-91.10509	2568000	-8.692344e-09	12406.509	-0.027962899	-1373.5723	0.5349946	0.015192438	0.20183332	32.0	4241.283926010132	0.33333334	0.45833334	0.08104912	0.16728324	0.021017913	0.51339793	0.9935569	0.03879398	0.51339793	0.9935569	0.03879398
107	1377.249	949.3441	2550.091	-1249.2803	600.0	182.26237	112.04759	365.16312	-99.45085	2592000	9.934108e-09	10906.073	-0.03398287	-1481.2926	0.5279993	0.015002166	0.20945834	43.0	4284.181421995163	0.375	0.6666667	0.07811227	0.16487284	0.004992677	0.36954582	0.9402283	0.03006807	0.36954582	0.9402283	0.03006807
108	1179.7976	771.2258	2735.5679	-45.837193	600.0	152.2008	121.86901	389.61612	-77.215576	2616000	2.1109978e-08	12005.538	-0.024592465	-2695.6238	0.52173257	0.015035667	0.17975001	24.0	4330.505388021469	0.16666667	0.5	0.08661157	0.16529785	0.013401128	0.5019544	0.9924292	0.04035576	0.5019544	0.9924292	0.04035576
109	788.3491	874.8714	2438.39	-17.015593	600.0	140.10402	113.75598	383.89142	-138.10728	2640000	-4.967054e-09	13480.519	-0.029722854	-3712.8904	0.5187347	0.015233892	0.20875	30.0	4372.393426895142	0.25	0.375	0.075182706	0.14589615	0.02868066	0.5811168	0.96106756	0.0071625765	0.5811168	0.96106756	0.0071625765
110	909.0913	911.0123	2310.5393	-529.838	600.0	148.0875	124.90288	402.49127	-85.32436	2664000	1.6142925e-08	9494.957	-0.027423037	-1439.4281	0.5107459	0.0151301995	0.18287499	32.0	4415.743495464325	0.375	0.33333334	0.09134805	0.16064157	0.016748333	0.5402504	0.9840155	0.088934295	0.5402504	0.9840155	0.088934295
111	993.4341	1070.7545	2883.8591	-1174.6007	600.0	172.92798	124.26963	406.1128	-88.5258	2688000	-1.7384687e-08	14456.095	-0.024104826	-2215.8855	0.5096631	0.015228895	0.184875	28.0	4458.311341047287	0.33333334	0.625	0.10314506	0.1807293	0.031450137	0.36024058	0.997788	0.0024639536	0.36024058	0.997788	0.0024639536
112	977.94684	1018.20624	2372.6863	-1029.6436	600.0	124.09504	129.13551	347.23575	-165.64725	2712000	4.967054e-09	11704.1875	-0.032844067	-2040.83	0.509783	0.015217436	0.20920832	49.0	4504.761336326599	0.29166666	0.5	0.08526543	0.18059069	0.03279864	0.42521358	0.9899139	0.005399329	0.42521358	0.9899139	0.005399329
113	1044.7479	982.511	2488.6943	-622.1191	600.0	147.81091	118.75029	345.03717	-182.8498	2736000	8.692344e-09	20685.9	-0.03236686	-3200.6062	0.50750583	0.015052284	0.20704167	51.0	4549.563871145248	0.375	0.41666666	0.088383734	0.18070239	0.014638807	0.53142184	0.999408	0.05068752	0.53142184	0.999408	0.05068752
114	622.0771	1057.8268	2611.2275	-2109.2656	600.0	146.1195	105.24054	365.49704	-108.65655	2760000	9.934108e-09	18963.527	-0.031855125	-7361.2065	0.5091408	0.015050545	0.198875	36.0	4597.707981824875	0.29166666	0.375	0.09455792	0.18079618	0.025606066	0.49827385	0.9957511	0.027423304	0.49827385	0.9957511	0.027423304
115	1036.3229	785.78284	2276.9402	-452.7044	600.0	118.19192	121.4587	353.11194	-236.8814	2784000	0.0	13765.157	-0.033155654	-2716.1162	0.50876796	0.015092929	0.200875	52.0	4637.156870603561	0.41666666	0.41666666	0.08778455	0.16130638	0.013319917	0.41000107	0.90607136	0.1421422	0.41000107	0.90607136	0.1421422
116	854.92865	971.8965	2891.509	-886.1914	600.0	123.597466	122.7002	354.03152	-205.97438	2808000	1.2417634e-08	12926.925	-0.035168197	-2340.969	0.51022315	0.015095075	0.21891667	63.0	4686.867191076279	0.25	0.41666666	0.08968898	0.16121197	0.012449773	0.51373696	0.99820864	0.0033899406	0.51373696	0.99820864	0.0033899406
117	1013.1995	944.2232	2755.8816	-624.55206	600.0	142.09396	114.35597	331.45935	-140.37866	2832000	-1.2417635e-09	16697.473	-0.030576065	-2433.1448	0.5050531	0.015065762	0.20016666	36.0	4727.637065887451	0.375	0.45833334	0.07514504	0.17975812	0.010553954	0.4723061	0.9599041	0.035651326	0.4723061	0.9599041	0.035651326
118	1292.7677	802.1836	2562.367	-90.50177	600.0	171.40323	118.35065	359.76074	-112.489586	2856000	-1.2417634e-08	15842.058	-0.030690402	-2769.416	0.5005473	0.015157755	0.19862501	42.0	4770.412674665451	0.5	0.6666667	0.07573112	0.18083915	0.00957349	0.356207	0.9133185	0.013197517	0.356207	0.9133185	0.013197517
119	997.18976	900.74176	2510.9597	-825.97424	600.0	164.59285	97.997955	338.50983	-123.49518	2880000	4.967054e-09	16686.115	-0.032773566	-3802.4158	0.4978213	0.015046834	0.21512501	62.0	4813.524887084961	0.41666666	0.41666666	0.07832865	0.16910806	0.008000945	0.429453	0.9061682	0.021465272	0.429453	0.9061682	0.021465272
120	1027.0027	807.7352	2645.8313	-107.59505	600.0	161.45203	132.43237	375.8458	-144.4635	2904000	2.483527e-09	15405.102	-0.027220286	-3395.3113	0.49564528	0.015196553	0.20170833	30.0	4854.916256189346	0.20833333	0.5833333	0.09242034	0.1654652	0.0037565734	0.39622238	0.9226043	0.01814804	0.39622238	0.9226043	0.01814804
121	861.779	907.812	2784.9368	-803.063	600.0	139.79524	103.30935	324.62045	-129.45947	2928000	0.0	15901.737	-0.0318995	-2351.8848	0.49296507	0.015070262	0.20079167	41.0	4902.9093289375305	0.25	0.41666666	0.09873546	0.16944133	0.016105654	0.4601682	0.95877624	0.016898582	0.4601682	0.95877624	0.016898582
122	628.3922	809.69525	2437.4631	-810.755	600.0	116.268555	114.02335	359.85925	-126.700745	2952000	4.967054e-09	13145.3125	-0.03079469	-2451.7258	0.4910101	0.015121478	0.20770834	35.0	4953.908234119415	0.20833333	0.33333334	0.100628555	0.18123578	0.02394647	0.54967874	0.9908054	0.013677239	0.54967874	0.9908054	0.013677239
123	778.46655	1076.1074	2709.618	-1268.7429	600.0	116.02578	113.68531	348.2679	-111.9659	2976000	-2.483527e-09	25962.545	-0.03484492	-3701.5596	0.48822007	0.014967989	0.23704167	79.0	4998.722307682037	0.33333334	0.45833334	0.08016184	0.15841845	0.0044377455	0.5126741	0.98715055	0.024071962	0.5126741	0.98715055	0.024071962
124	1169.0762	913.31335	2955.6223	-95.025085	600.0	140.16042	122.99403	431.4508	-202.15538	3000000	2.2351742e-08	11685.583	-0.030326111	-2518.6257	0.48413265	0.015104435	0.18670833	36.0	5041.737287282944	0.29166666	0.5	0.085558526	0.15385434	0.022871451	0.40749446	0.9759009	0.010404227	0.40749446	0.9759009	0.010404227
125	1172.8274	816.2593	2338.4849	-593.42236	600.0	146.0098	121.480865	368.14108	-130.40031	3024000	1.4901161e-08	14955.692	-0.02560619	-2207.57	0.48300028	0.015023422	0.1865	23.0	5084.515200376511	0.41666666	0.45833334	0.09057052	0.1805986	0.030924592	0.4427785	0.96540654	0.008326192	0.4427785	0.96540654	0.008326192
126	953.8779	1045.9446	2454.4575	-1802.0264	600.0	163.68063	123.977165	363.53632	-133.67822	3048000	7.450581e-09	17185.809	-0.023998125	-3483.1816	0.4795203	0.015500569	0.188625	25.0	5126.062581062317	0.25	0.5833333	0.08919544	0.1807928	0.021036226	0.42780685	0.898496	0.07099613	0.42780685	0.898496	0.07099613
127	829.49445	1045.1116	2651.8503	-609.4783	600.0	125.50019	136.16046	376.32626	-124.98384	3072000	7.450581e-09	18000.068	-0.025461396	-3811.4873	0.47816667	0.015373019	0.19199999	24.0	5165.704197883606	0.33333334	0.45833334	0.08912504	0.18095155	0.019262813	0.46290708	0.99139005	0.044996057	0.46290708	0.99139005	0.044996057
128	1122.8573	961.2934	2611.939	-921.94336	600.0	138.59074	115.56993	344.91635	-208.73303	3096000	-4.967054e-09	24246.727	-0.029469809	-4910.6685	0.47412953	0.015145118	0.20466667	31.0	5208.5757603645325	0.41666666	0.45833334	0.08085089	0.17977862	0.018138887	0.42952633	0.80797046	0.019640982	0.42952633	0.80797046	0.019640982
129	703.3806	977.6967	2318.962	-1855.7081	600.0	133.82129	110.65977	372.15057	-148.55986	3120000	-8.692344e-09	20705.23	-0.033237513	-4162.982	0.46949396	0.015151314	0.22095834	51.0	5248.460600376129	0.25	0.29166666	0.08405284	0.17888921	0.0012708704	0.53932744	0.9949104	0.069169	0.53932744	0.9949104	0.069169
130	1045.4288	912.0978	2397.7317	-628.4939	600.0	137.1849	121.617805	355.60754	-214.7135	3144000	7.761021e-09	11580.909	-0.02425895	-2739.9453	0.46540627	0.01500053	0.18141668	21.0	5290.970607757568	0.29166666	0.5416667	0.081708565	0.18056153	0.0056595653	0.45127818	0.9900603	0.038266003	0.45127818	0.9900603	0.038266003
131	842.63556	979.57275	2432.4614	-952.0811	600.0	133.95392	119.73007	365.4502	-132.61496	3168000	-2.483527e-09	14523.695	-0.032590687	-1585.6752	0.46348158	0.015002801	0.22479166	47.0	5330.30005979538	0.20833333	0.375	0.09634898	0.18052594	0.023348032	0.5179463	0.97459096	0.019907087	0.5179463	0.97459096	0.019907087
132	913.5098	971.59717	2679.9724	-966.52246	600.0	131.7263	114.84658	360.3465	-146.99384	3192000	-1.8626451e-08	17834.498	-0.024804479	-3042.4758	0.45991954	0.015526828	0.19374998	24.0	5372.415512084961	0.20833333	0.375	0.08137456	0.18062924	0.006388006	0.5182167	0.9830389	0.00026985782	0.5182167	0.9830389	0.00026985782
133	997.66425	905.94244	3068.9783	-765.56726	600.0	148.8665	122.99897	404.82193	-134.51332	3216000	2.483527e-09	16293.739	-0.02917634	-2503.715	0.45803156	0.0151815815	0.20141667	29.0	5416.215487480164	0.29166666	0.41666666	0.08765798	0.16763468	0.0084599415	0.43607247	0.99393004	0.006259763	0.43607247	0.99393004	0.006259763
134	1321.771	754.86707	2418.4255	-12.276395	600.0	175.61559	123.33039	426.94925	-109.64648	3240000	-1.8626451e-08	11303.776	-0.024250543	-2086.3477	0.4531058	0.015182699	0.181	20.0	5456.986092567444	0.41666666	0.625	0.08212688	0.18007292	0.019223418	0.36312318	0.9674018	0.008309456	0.36312318	0.9674018	0.008309456
135	993.916	977.645	2550.1292	-896.2863	600.0	165.52165	115.64374	388.59125	-152.6277	3264000	-4.967054e-09	17768.172	-0.026059695	-3921.9463	0.45452583	0.015143431	0.18691666	25.0	5497.752414226532	0.375	0.5	0.07911298	0.17144927	0.010288178	0.39287123	0.85010654	0.042095926	0.39287123	0.85010654	0.042095926
136	994.7038	1065.377	2464.5928	-1709.0114	600.0	150.10065	100.41592	379.95285	-117.01555	3288000	-7.450581e-09	18018.385	-0.030294018	-5389.756	0.45457754	0.01517688	0.20533334	32.0	5538.541122913361	0.375	0.5833333	0.089532435	0.17391872	0.008381331	0.39506355	0.92805403	0.017931629	0.39506355	0.92805403	0.017931629
137	497.94763	962.4038	2249.804	-1459.1665	600.0	132.75307	128.60579	378.66568	-173.33105	3312000	-2.483527e-09	18409.887	-0.028781855	-4473.4272	0.45502964	0.015439044	0.20416667	29.0	5584.100712060928	0.083333336	0.29166666	0.10394765	0.18069716	0.021551134	0.5670689	0.9731357	0.0046229	0.5670689	0.9731357	0.0046229
138	1158.2899	866.01776	2461.9158	-725.4878	600.0	118.35462	118.65879	349.77698	-127.1133	3336000	-2.483527e-09	14043.112	-0.03688549	-2545.207	0.45055985	0.01521346	0.22770834	61.0	5626.197234392166	0.29166666	0.5	0.09220775	0.18090084	0.00796098	0.42201766	0.9680514	0.016627667	0.42201766	0.9680514	0.016627667
139	981.9776	1044.5675	2689.5732	-1085.5942	600.0	165.64806	113.742935	378.83453	-154.77655	3360000	7.450581e-09	18816.514	-0.027149253	-2084.8328	0.44347534	0.015018552	0.204	26.0	5669.122896432877	0.33333334	0.5	0.09806696	0.18074019	0.016332122	0.44785056	0.9920635	0.026399253	0.44785056	0.9920635	0.026399253
140	746.45825	774.2607	2434.984	-541.6377	600.0	134.45517	108.78612	391.1587	-132.73445	3384000	-4.967054e-09	16228.266	-0.023859076	-2388.4463	0.44126573	0.015306406	0.19254166	21.0	5712.137842655182	0.20833333	0.375	0.088232435	0.18061377	0.003243818	0.5053045	0.9906321	0.1418932	0.5053045	0.9906321	0.1418932
141	863.1556	976.7731	2667.053	-942.7753	600.0	144.81425	111.8594	409.89267	-114.17881	3408000	-1.2417635e-09	15674.73	-0.029925333	-2490.9617	0.4387897	0.015188386	0.197625	33.0	5753.454265594482	0.33333334	0.45833334	0.09157395	0.18108402	0.01669761	0.43233714	0.99250937	0.010465489	0.43233714	0.99250937	0.010465489
142	1026.9786	847.19525	2454.5935	-92.04342	600.0	155.93184	114.705795	403.44785	-151.71518	3432000	-6.208817e-09	12943.321	-0.03500249	-1575.2406	0.43460807	0.015122231	0.21666665	47.0	5796.158706903458	0.41666666	0.45833334	0.08612803	0.17026137	0.01894475	0.4203001	0.9300488	0.0073163714	0.4203001	0.9300488	0.0073163714
143	1154.2958	852.28156	2551.3079	-61.637215	600.0	132.66423	116.58471	427.04074	-107.43894	3456000	-2.483527e-09	11893.388	-0.029742412	-2544.8584	0.4304999	0.015074623	0.19916666	32.0	5848.689129590988	0.5	0.41666666	0.06423936	0.17110933	0.008510341	0.52468246	0.9856891	0.04785831	0.52468246	0.9856891	0.04785831
144	1071.7269	842.33887	2408.1062	-1377.1052	600.0	189.32329	115.36187	440.43744	-59.885315	3480000	-7.450581e-09	19189.748	-0.020749157	-3612.0798	0.4280486	0.015484135	0.18804169	17.0	5890.2503526210785	0.29166666	0.33333334	0.084630854	0.17487215	0.008284012	0.47720346	0.9337368	0.005093933	0.47720346	0.9337368	0.005093933
145	1104.753	898.9602	2379.553	-474.56726	600.0	178.92969	114.054214	409.53207	-131.63115	3504000	4.967054e-09	15240.656	-0.027120681	-1992.7997	0.4280971	0.015172481	0.19575	28.0	5934.705347537994	0.25	0.5416667	0.0899983	0.17516215	0.0037270116	0.42491683	0.9172134	0.07152604	0.42491683	0.9172134	0.07152604
146	1400.1011	1093.9464	2974.0544	-885.2552	600.0	163.73273	105.65604	372.60663	-137.01003	3528000	-3.7252903e-09	20330.57	-0.033385765	-4385.8423	0.42196235	0.01501684	0.20408332	40.0	5975.46982550621	0.5833333	0.5	0.06244561	0.17615597	0.010796992	0.42790118	0.9958387	0.06397752	0.42790118	0.9958387	0.06397752
147	816.3203	873.15594	2537.915	-860.7194	600.0	172.79713	125.56407	470.38705	-160.69037	3552000	-4.967054e-09	19639.271	-0.03028969	-4650.058	0.418471	0.015355752	0.20766668	34.0	6017.227744817734	0.41666666	0.375	0.07957962	0.18092783	0.009401247	0.50033355	0.9698479	0.0066379816	0.50033355	0.9698479	0.0066379816
148	1385.2842	976.3289	2714.952	-722.4101	600.0	165.37677	133.18927	407.06317	-143.33537	3576000	9.934108e-09	12851.918	-0.027853116	-2321.491	0.41585216	0.015094225	0.19670832	26.0	6058.15191245079	0.5416667	0.5833333	0.07264104	0.1746007	0.020102728	0.4026896	0.97838104	0.014707639	0.4026896	0.97838104	0.014707639
149	901.9123	879.12445	2494.23	-1098.6283	600.0	148.41306	119.07383	389.82214	-158.24449	3600000	-4.967054e-09	19436.861	-0.027471492	-4031.0615	0.413569	0.015715549	0.19970833	25.0	6100.089951038361	0.25	0.25	0.068593144	0.18082505	0.0054712505	0.564557	0.9833668	0.0775481	0.564557	0.9833668	0.0775481
150	888.4116	1017.49194	2564.9458	-1315.1836	600.0	161.17651	124.01723	393.95477	-126.55146	3624000	-1.4901161e-08	17458.06	-0.028335145	-2018.8218	0.41264257	0.015146754	0.205875	29.0	6144.0795114040375	0.41666666	0.41666666	0.0871881	0.18067096	0.007428801	0.48468557	0.96939737	0.012958585	0.48468557	0.96939737	0.012958585
151	858.39923	850.86115	2433.4036	-720.7835	600.0	161.6218	112.13767	365.68457	-86.38131	3648000	-4.967054e-09	13190.723	-0.03590638	-2109.199	0.40997258	0.015108727	0.22520833	55.0	6186.53586935997	0.25	0.375	0.08816943	0.18080932	0.0036537028	0.5147788	0.979087	0.033317223	0.5147788	0.979087	0.033317223
152	922.91925	878.03406	2275.0015	-1284.7047	600.0	165.13034	121.84688	381.2062	-238.36646	3672000	1.2417634e-08	19195.012	-0.026698207	-4646.136	0.40455195	0.015207103	0.19924998	26.0	6230.748279333115	0.33333334	0.45833334	0.093096934	0.17978835	0.014779203	0.43059644	0.9761611	0.0028856099	0.43059644	0.9761611	0.0028856099
153	1012.0506	821.65894	2333.9883	-1261.5874	600.0	137.17711	114.56116	339.9552	-233.53433	3696000	1.8626451e-09	16437.854	-0.027802536	-3158.8293	0.40350333	0.015150857	0.18866666	27.0	6271.488757133484	0.20833333	0.5	0.096265025	0.17574565	0.01398119	0.422511	0.91139287	0.004941747	0.422511	0.91139287	0.004941747
154	1249.5367	887.2746	2332.751	-1062.8832	600.0	169.36076	119.16393	379.51987	-161.87997	3720000	-1.2417634e-08	17614.336	-0.038494084	-2790.9119	0.4006207	0.014251232	0.243125	79.0	6311.547555208206	0.5833333	0.5	0.078318946	0.18072101	0.007781562	0.39404035	0.9819304	0.04389977	0.39404035	0.9819304	0.04389977
155	978.12555	1120.0123	2736.0503	-1231.2948	600.0	151.10095	127.46372	385.0061	-173.89417	3744000	2.7939677e-09	21227.47	-0.029031426	-1552.8096	0.39769518	0.015014365	0.19725001	34.0	6355.508949756622	0.33333334	0.41666666	0.07294825	0.17981572	0.010377703	0.5191664	0.9744375	0.039028358	0.5191664	0.9744375	0.039028358
156	1012.295	920.96246	2638.6726	-241.96718	600.0	155.05276	114.2458	353.93533	-165.61722	3768000	-1.4901161e-08	14226.559	-0.036191594	-2885.6306	0.3955747	0.015053939	0.21741666	47.0	6397.216603517532	0.29166666	0.45833334	0.0798754	0.18046077	0.021862939	0.45353302	0.86439365	0.014639508	0.45353302	0.86439365	0.014639508
157	575.57104	1067.1304	2775.475	-1242.9796	600.0	85.740715	110.33892	356.52936	-250.29526	3792000	1.2417634e-08	16383.183	-0.022765836	-2387.0144	0.38884732	0.015121226	0.19066668	20.0	6436.438809394836	0.29166666	0.20833333	0.081392705	0.1802234	0.011842558	0.5458967	0.89272183	0.079136826	0.5458967	0.89272183	0.079136826
158	768.18756	1044.9711	2585.4885	-1586.8156	600.0	119.06429	137.057	388.63336	-282.60983	3816000	-4.346172e-09	21353.916	-0.028718129	-3803.4656	0.38734818	0.015097131	0.214625	33.0	6479.412163734436	0.25	0.33333334	0.09049708	0.17502773	0.016129723	0.53277934	0.9489427	0.023046864	0.53277934	0.9489427	0.023046864
159	1423.6205	919.70703	3023.35	16.96044	600.0	189.12518	138.69415	403.91193	-254.43867	3840000	4.967054e-09	20334.357	-0.036426105	-4975.2583	0.3823957	0.015047289	0.23483332	57.0	6518.187847614288	0.45833334	0.5833333	0.07192335	0.16053784	0.012305778	0.39379048	0.8442032	0.026544759	0.39379048	0.8442032	0.026544759
160	1163.7985	867.59375	2857.8494	-30.209341	600.0	181.33746	111.45663	408.15784	-103.054825	3864000	-1.9247333e-08	20929.475	-0.028701624	-4195.61	0.37864175	0.015149775	0.19245833	28.0	6562.69381570816	0.41666666	0.33333334	0.0660578	0.15497415	0.015380124	0.52756935	0.9393831	0.0052392264	0.52756935	0.9393831	0.0052392264
161	1454.2963	872.2394	2913.2405	-12.827257	600.0	189.41673	102.19118	408.81442	-86.2007	3888000	9.934108e-09	20590.172	-0.033391804	-4105.658	0.37661424	0.015052346	0.21595834	38.0	6604.121329784393	0.45833334	0.625	0.08096046	0.15583016	0.011792221	0.34567356	0.93417686	0.00869635	0.34567356	0.93417686	0.00869635
162	1035.9537	901.086	2985.1062	-1202.4023	600.0	188.65033	108.355316	384.61377	-130.60121	3912000	2.483527e-09	15232.341	-0.02841062	-4105.9927	0.3709866	0.015101274	0.18904166	28.0	6649.823567152023	0.16666667	0.33333334	0.08070374	0.18065338	0.011848413	0.49837533	0.954281	0.0315092	0.49837533	0.954281	0.0315092
163	1127.1046	842.06024	2233.7004	-1078.1241	600.0	142.70613	124.79876	379.84174	-156.16254	3936000	-1.7384687e-08	21390.025	-0.032863695	-3108.0781	0.36753878	0.015015242	0.21920832	41.0	6695.017635822296	0.45833334	0.5833333	0.08166204	0.18061972	0.012689518	0.38664007	0.8851612	0.015153747	0.38664007	0.8851612	0.015153747
164	904.65216	1037.6195	2835.188	-742.41113	600.0	138.74643	119.79918	355.50742	-135.9878	3960000	-4.967054e-09	17842.822	-0.030133953	-3693.45	0.36300406	0.015018606	0.20391667	37.0	6741.645257472992	0.29166666	0.33333334	0.079931356	0.15815473	0.016574914	0.48403683	0.9819126	0.018941484	0.48403683	0.9819126	0.018941484
165	952.4704	971.8741	2566.1084	-660.9447	600.0	129.11491	123.26138	398.6526	-235.22914	3984000	1.800557e-08	22754.963	-0.03094851	-5076.3833	0.36080906	0.015320978	0.19029166	31.0	6787.1851925849915	0.25	0.29166666	0.08018297	0.18042411	0.011401851	0.48280033	0.8809827	0.007036165	0.48280033	0.8809827	0.007036165
166	1051.2589	1048.4597	2557.111	-889.14923	600.0	152.22023	127.929375	400.484	-162.97491	4008000	1.9868216e-08	28871.773	-0.028412366	-6461.803	0.35834625	0.015102212	0.20875001	29.0	6833.795941352844	0.41666666	0.45833334	0.075901136	0.18044576	0.009700811	0.44776592	0.92415833	0.049964886	0.44776592	0.92415833	0.049964886
167	1039.903	869.55164	2496.2363	-301.47815	600.0	141.24545	114.08522	416.9995	-171.22525	4032000	1.2417635e-09	18099.273	-0.018529769	-4485.8247	0.3555514	0.01575188	0.18333332	14.0	6878.089670419693	0.33333334	0.45833334	0.07055787	0.18039516	0.009261729	0.46815798	0.98356277	0.024189861	0.46815798	0.98356277	0.024189861
168	886.8706	1025.7855	2501.6265	-1256.8007	600.0	154.33707	118.064	420.23892	-158.28896	4056000	1.4901161e-08	21161.068	-0.020556845	-5298.5435	0.35441196	0.015509718	0.183375	17.0	6927.223989725113	0.33333334	0.41666666	0.0833554	0.18095075	0.0036653231	0.47839305	0.904658	0.008470025	0.47839305	0.904658	0.008470025
169	855.9288	813.7334	2241.132	-573.20886	600.0	150.38113	116.27293	357.04126	-94.91323	4080000	-7.450581e-09	16080.478	-0.028486969	-3881.5781	0.35294724	0.015182299	0.20416667	29.0	6967.193930387497	0.33333334	0.5	0.09910792	0.16266671	0.025877021	0.38245785	0.9705312	0.007081335	0.38245785	0.9705312	0.007081335
170	1167.7683	739.1488	2506.9897	-554.9017	600.0	120.74717	115.16273	409.51242	-248.84749	4104000	2.9802322e-08	17124.748	-0.025709242	-4481.568	0.35074052	0.015401058	0.181625	22.0	7010.7050766944885	0.375	0.25	0.04774053	0.16705804	0.007415809	0.5256044	0.8943546	0.025728505	0.5256044	0.8943546	0.025728505
171	1101.9346	941.8028	2856.488	-1317.6417	600.0	181.39597	120.649315	495.69446	-232.3023	4128000	-1.7384687e-08	12176.603	-0.035436712	-2254.3887	0.34760073	0.015191083	0.22025001	51.0	7052.629743099213	0.16666667	0.41666666	0.089121304	0.18074909	0.01286283	0.49935123	0.9877389	0.06178155	0.49935123	0.9877389	0.06178155
172	1047.1183	786.6259	2398.6753	-543.36285	600.0	186.7467	102.09478	456.44656	-190.11319	4152000	1.9868216e-08	24440.291	-0.034203388	-5798.1167	0.34240505	0.015275643	0.226	44.0	7097.822406053543	0.33333334	0.45833334	0.069838315	0.18080194	0.011219218	0.4855421	0.96802545	0.0010545219	0.4855421	0.96802545	0.0010545219
173	1009.04083	910.6428	2727.49	-94.09141	600.0	142.59874	121.65731	434.04623	-181.43324	4176000	-6.208817e-09	20824.63	-0.028697183	-4897.5503	0.3370653	0.015141085	0.20491667	27.0	7139.577903747559	0.375	0.45833334	0.082669936	0.1769414	0.010934654	0.44054517	0.9502181	0.06401334	0.44054517	0.9502181	0.06401334
174	883.97833	1045.2744	2432.5493	-767.79474	600.0	144.48967	139.23666	416.6146	-193.01816	4200000	-1.4901161e-08	21609.441	-0.02920731	-4440.1826	0.33216593	0.015026311	0.20099999	29.0	7195.792609453201	0.29166666	0.375	0.09338776	0.18030033	0.0040467293	0.5275999	0.9761463	0.011556693	0.5275999	0.9761463	0.011556693
175	892.9976	826.15674	2426.8708	-989.31665	600.0	166.11418	130.35999	497.43765	-106.1718	4224000	-4.967054e-09	21694.979	-0.022054166	-4548.1323	0.3293916	0.015321569	0.19941668	17.0	7240.575717449188	0.25	0.45833334	0.0843577	0.1809533	0.02071119	0.4905472	0.9946432	0.05482687	0.4905472	0.9946432	0.05482687
176	1220.673	1014.6895	2657.982	-692.171	600.0	177.86856	123.46858	446.9636	-204.39937	4248000	-8.692344e-09	30129.562	-0.028911406	-5129.611	0.32810175	0.015033089	0.21325	31.0	7284.054794549942	0.33333334	0.5833333	0.09302642	0.17621239	0.028380478	0.38728592	0.95511377	0.015029397	0.38728592	0.95511377	0.015029397
177	1164.4429	943.9838	2777.041	-960.97986	600.0	171.20302	119.92533	425.31967	-164.84523	4272000	-3.1044085e-09	20311.19	-0.033837486	-4660.4272	0.3265354	0.015186265	0.20674999	39.0	7325.379508972168	0.375	0.41666666	0.071854874	0.17118782	0.016147899	0.45394412	0.9990413	0.04547371	0.45394412	0.9990413	0.04547371
178	1102.602	910.9956	2643.5906	-916.1156	600.0	216.05708	135.16954	561.08356	-148.05937	4296000	-1.2417634e-08	23798.328	-0.030015985	-7971.6753	0.32186934	0.015368949	0.20766668	29.0	7369.925803899765	0.375	0.5833333	0.08386227	0.18053117	0.010977687	0.36034182	0.99154055	0.0015656073	0.36034182	0.99154055	0.0015656073
179	1043.2135	922.5365	2600.22	-1077.7898	600.0	137.5076	123.2904	382.00497	-167.08179	4320000	1.4901161e-08	19383.033	-0.025177797	-3833.2559	0.32334596	0.015094382	0.19183333	22.0	7418.351286172867	0.41666666	0.33333334	0.05799837	0.180358	0.018703423	0.545801	0.99283195	0.113489516	0.545801	0.99283195	0.113489516
180	1236.6085	1013.8686	2587.0432	-817.5343	600.0	186.0786	126.5933	417.07977	-110.05047	4344000	2.483527e-09	13618.95	-0.02948834	-2504.033	0.3202449	0.015004682	0.19670834	33.0	7467.660420894623	0.5416667	0.45833334	0.05237778	0.14685957	0.00082230737	0.40905595	0.92461807	0.0005441369	0.40905595	0.92461807	0.0005441369
181	979.8428	926.78326	2497.3174	-920.60895	600.0	166.30746	123.52361	436.20212	-124.90383	4368000	8.692344e-09	15982.7705	-0.014180767	-2069.4036	0.3169757	0.015107197	0.185625	9.0	7510.207762718201	0.375	0.41666666	0.0861909	0.1790848	0.019491445	0.4518529	0.98751915	0.037057612	0.4518529	0.98751915	0.037057612
182	1129.9994	884.02106	2456.8987	-564.54706	600.0	188.49023	134.6898	453.62604	-188.59888	4392000	2.483527e-09	22306.43	-0.030432923	-6299.2046	0.31620952	0.015040513	0.22295833	32.0	7552.771903991699	0.375	0.45833334	0.060427647	0.13384281	0.010850607	0.44239417	0.930218	0.020554993	0.44239417	0.930218	0.020554993
183	1185.4697	694.6749	2374.6177	-141.03127	600.0	148.35509	136.76862	400.80252	-146.06662	4416000	-2.9802322e-08	13581.359	-0.031194577	-2473.2146	0.31086162	0.015123912	0.20929165	33.0	7596.483319044113	0.375	0.45833334	0.08052674	0.15311505	0.01039163	0.4572954	0.8695698	0.020402772	0.4572954	0.8695698	0.020402772
184	1234.3717	968.893	2668.7954	-1586.9453	600.0	162.34445	131.45439	429.9978	-181.56505	4440000	6.208817e-09	17845.307	-0.016817661	-3573.7815	0.30933294	0.015592488	0.18216665	11.0	7638.66343832016	0.5	0.5416667	0.07582524	0.18093763	0.009869758	0.37446925	0.94899297	0.0018634121	0.37446925	0.94899297	0.0018634121
185	1115.8295	903.58813	2599.3787	-888.00006	600.0	142.0917	110.97994	369.0046	-337.04095	4464000	-7.450581e-09	29933.99	-0.028536215	-5586.7495	0.31049865	0.015254454	0.19545834	32.0	7682.780974388123	0.41666666	0.6666667	0.08138579	0.1803435	0.00093344616	0.35222793	0.8726231	0.002752538	0.35222793	0.8726231	0.002752538
186	1104.5826	1041.8517	2854.276	-935.5273	600.0	147.90065	113.29538	367.53784	-185.206	4488000	9.934108e-09	23345.797	-0.023314646	-5186.813	0.3115164	0.015289162	0.186375	20.0	7731.430490732193	0.45833334	0.29166666	0.083566904	0.18070087	0.011264953	0.43957075	0.904198	0.011871072	0.43957075	0.904198	0.011871072
187	1031.2157	994.7662	2459.3318	-498.10266	600.0	163.15082	142.88379	426.8947	-108.725815	4512000	6.208817e-09	13945.708	-0.023953602	-3054.2737	0.31191579	0.015222923	0.19454168	20.0	7774.557421684265	0.29166666	0.5416667	0.10732777	0.18079196	0.015192235	0.40897298	0.9467002	0.017696189	0.40897298	0.9467002	0.017696189
188	838.4063	1003.54865	2778.8184	-1355.8567	600.0	148.51	126.17993	406.11298	-132.71857	4536000	-2.483527e-09	13812.676	-0.02581387	-2608.4905	0.31051993	0.015201	0.19304167	22.0	7820.633410215378	0.29166666	0.375	0.08288437	0.18029505	0.015580405	0.5322771	0.99667126	0.008719177	0.5322771	0.99667126	0.008719177
189	962.8283	987.2616	2681.6384	-680.5098	600.0	151.2284	126.69824	412.0354	-217.09476	4560000	-9.934108e-09	18335.492	-0.026916275	-4488.691	0.30707735	0.015248731	0.19854166	25.0	7863.813925981522	0.25	0.375	0.07247216	0.16330695	0.017328762	0.5388141	0.98090506	0.03943793	0.5388141	0.98090506	0.03943793
190	1265.1605	954.51544	2810.06	-746.7576	600.0	176.23459	123.67215	377.03253	-115.466064	4584000	3.1044085e-09	24787.586	-0.025530517	-6757.442	0.30275872	0.015141866	0.20358334	25.0	7907.355324983597	0.375	0.45833334	0.06465522	0.17447247	0.0074037625	0.46800247	0.9542992	0.01282948	0.46800247	0.9542992	0.01282948
191	1323.843	951.10425	2751.9001	-620.5038	600.0	191.70146	123.23683	412.62112	-86.92658	4608000	7.450581e-09	15641.356	-0.030366043	-2654.8435	0.2993702	0.015285023	0.20891666	32.0	7948.9411334991455	0.5416667	0.5833333	0.058804933	0.16890168	0.01714688	0.38288775	0.9093808	0.014516372	0.38288775	0.9093808	0.014516372
192	580.7131	1070.404	2886.2947	-1072.9182	600.0	186.04295	117.165825	409.49863	-94.954605	4632000	-2.1109978e-08	18597.12	-0.025903707	-5042.229	0.29822078	0.01539841	0.19420832	21.0	7996.571216344833	0.29166666	0.25	0.0876717	0.1809479	0.008849393	0.56349236	0.9925674	0.022597425	0.56349236	0.9925674	0.022597425
193	973.7451	925.2376	2855.275	-169.4641	600.0	168.42343	145.5625	434.32498	-145.14891	4656000	4.346172e-09	21657.736	-0.024768205	-4489.3867	0.29470086	0.015648874	0.19704168	21.0	8044.702400684357	0.375	0.375	0.07461519	0.15938227	0.0075294524	0.52331764	0.95023555	0.0047806264	0.52331764	0.95023555	0.0047806264
194	830.804	987.2869	2587.515	-935.2586	600.0	164.40775	137.91777	468.06143	-245.7577	4680000	-1.7384687e-08	23239.172	-0.033756778	-4147.084	0.2918795	0.015099597	0.227	38.0	8092.8729457855225	0.33333334	0.25	0.079216346	0.18086565	0.0055832257	0.5678758	0.9269163	0.051313713	0.5678758	0.9269163	0.051313713
195	1060.3987	940.7297	2690.418	-433.54572	600.0	180.79442	134.82248	439.84305	-242.70633	4704000	-9.313226e-09	23125.79	-0.03409485	-3639.8235	0.28849038	0.015045944	0.23595834	49.0	8135.799766540527	0.25	0.5	0.08135974	0.18001272	0.009051718	0.4232057	0.94804347	0.024714248	0.4232057	0.94804347	0.024714248
196	1400.1315	888.6632	2769.7847	-208.0101	600.0	164.02975	128.90251	419.49185	-133.63756	4728000	-1.7384687e-08	26206.635	-0.02719188	-5209.395	0.28812355	0.015036151	0.21008332	25.0	8176.920108795166	0.5	0.75	0.07862007	0.14525507	0.009028853	0.34812394	0.9407503	0.0050668996	0.34812394	0.9407503	0.0050668996
197	995.5949	1022.45056	2659.4116	-516.7844	600.0	164.774	139.55025	439.57278	-209.16638	4752000	2.483527e-09	23218.967	-0.032445665	-2891.254	0.2869722	0.015144753	0.21399999	36.0	8219.34179019928	0.33333334	0.29166666	0.068650566	0.1806949	0.0065413015	0.532845	0.98910785	0.04027049	0.532845	0.98910785	0.04027049
198	1370.3687	978.27466	2605.1404	-802.3558	600.0	182.72093	130.16963	425.87537	-272.41452	4776000	4.967054e-09	22428.24	-0.038575172	-2740.1484	0.28542796	0.015039538	0.24458332	65.0	8260.053294181824	0.45833334	0.5416667	0.07919221	0.18082802	0.0068480507	0.3551791	0.895499	0.0012616079	0.3551791	0.895499	0.0012616079
199	1187.1095	840.1382	2504.2805	-384.93494	600.0	177.10187	118.92754	419.88754	-243.53009	4800000	1.2417635e-09	22031.156	-0.033943865	-4088.6309	0.28124294	0.015095656	0.22737499	38.0	8302.100034236908	0.41666666	0.7083333	0.0724526	0.18071061	0.010451657	0.35630015	0.99515194	0.002727248	0.35630015	0.99515194	0.002727248
200	1178.8672	918.92645	2569.0222	-1183.0466	600.0	177.09175	105.16449	422.1539	-102.35343	4824000	7.450581e-09	22427.365	-0.033822786	-5216.6987	0.27612916	0.015031301	0.2065	39.0	8352.06443452835	0.375	0.5	0.07827434	0.18068996	0.0091591785	0.44473007	0.93827283	0.035597913	0.44473007	0.93827283	0.035597913
201	1138.4475	1101.3964	2587.1108	-1751.703	600.0	194.41946	120.89917	407.82263	-115.447296	4848000	-1.2417634e-08	24458.615	-0.033831548	-5902.098	0.27302504	0.015112062	0.23654167	60.0	8399.663519382477	0.375	0.625	0.09526077	0.1807314	0.022445157	0.3876102	0.97812325	0.0123037435	0.3876102	0.97812325	0.0123037435
202	1293.795	818.1341	2668.9375	24.35884	600.0	126.31687	132.09056	419.00226	-277.63333	4872000	9.934108e-09	20972.062	-0.027698344	-5281.022	0.27130565	0.015299242	0.20320833	28.0	8442.608924627304	0.45833334	0.33333334	0.05457746	0.14578752	0.0061791437	0.47348142	0.87566704	0.0815457	0.47348142	0.87566704	0.0815457
203	1237.9408	1108.8687	2816.0713	-975.057	600.0	199.88177	130.76938	444.45898	-163.63965	4896000	0.0	16423.854	-0.027864346	-2554.4197	0.27056223	0.015012946	0.19716667	25.0	8497.820230722427	0.375	0.5	0.0871206	0.16924538	0.015941272	0.45783195	0.9825796	0.021429094	0.45783195	0.9825796	0.021429094
204	1367.9562	910.7184	2502.8784	-330.76984	600.0	189.30914	128.88875	441.07523	-117.00604	4920000	1.2417635e-09	15978.769	-0.026970917	-2952.5469	0.26729387	0.01503152	0.21220833	26.0	8541.538735866547	0.45833334	0.625	0.07565553	0.17905936	0.007364254	0.40171131	0.97438717	0.011419736	0.40171131	0.97438717	0.011419736
205	712.228	994.53033	2832.9392	-967.01666	600.0	145.85278	115.07524	417.2637	-150.0048	4944000	2.9802322e-08	18375.12	-0.025870895	-5301.1367	0.26383325	0.015140769	0.194875	22.0	8586.658511400223	0.29166666	0.33333334	0.090518564	0.18045382	0.010350622	0.5364829	0.99131614	0.05948381	0.5364829	0.99131614	0.05948381
206	1229.2604	961.5925	2757.0225	-341.1516	600.0	150.80043	124.57878	390.1508	-230.6581	4968000	9.934108e-09	23262.656	-0.028107634	-4098.713	0.26044986	0.015087195	0.20987499	26.0	8632.600158452988	0.41666666	0.29166666	0.06911933	0.15815908	0.0030193406	0.544575	0.937772	0.03511586	0.544575	0.937772	0.03511586
207	1099.3899	911.72485	2876.6074	-574.6957	600.0	146.22961	124.20878	441.30344	-220.04408	4992000	8.071463e-09	18678.408	-0.028134584	-3085.5916	0.25763217	0.015013811	0.20404167	25.0	8679.935325145721	0.375	0.5	0.07284271	0.18060765	0.007901713	0.43668795	0.9545378	0.08497592	0.43668795	0.9545378	0.08497592
208	1276.539	915.82477	2421.6477	-535.0364	600.0	177.90596	115.13124	429.0728	-161.96555	5016000	-2.173086e-09	17962.541	-0.029498354	-3678.6387	0.25507015	0.015061174	0.21354167	31.0	8728.393901824951	0.45833334	0.5	0.059088632	0.15506749	0.011675008	0.505208	0.9224645	0.0015610206	0.505208	0.9224645	0.0015610206
209	1189.9165	970.58344	3030.405	-901.20996	600.0	201.06898	99.6912	430.9337	-118.85412	5040000	1.1175871e-08	22929.541	-0.031211019	-6331.4126	0.24981995	0.015009295	0.22049999	30.0	8772.705798387527	0.5416667	0.41666666	0.065731764	0.17991157	0.012989161	0.41246518	0.91824067	0.021240024	0.41246518	0.91824067	0.021240024
210	1187.7635	969.864	2826.7803	-415.48	600.0	164.37073	122.864044	395.84467	-148.76393	5064000	-2.0489097e-08	26208.828	-0.024508128	-4456.965	0.24417774	0.015012507	0.19175	19.0	8820.480796337128	0.29166666	0.625	0.075554594	0.18090789	0.004973716	0.42118716	0.99083066	0.014785251	0.42118716	0.99083066	0.014785251
211	1139.216	823.507	2304.8596	-708.11975	600.0	180.6839	126.05026	427.27527	-92.77293	5088000	-1.6142925e-08	18260.184	-0.023480512	-3658.6155	0.24163653	0.015277275	0.17645831	18.0	8871.528866291046	0.45833334	0.5833333	0.073074035	0.18057437	0.0043583075	0.42464623	0.9696097	0.053320196	0.42464623	0.9696097	0.053320196
212	1356.1373	956.9267	2697.7803	-156.27852	600.0	173.62114	123.816635	388.75043	-159.5698	5112000	9.934108e-09	20682.049	-0.023669487	-4085.5342	0.24112944	0.015140253	0.19954167	19.0	8920.206254005432	0.5416667	0.5833333	0.07637016	0.15813947	0.011436676	0.38912204	0.98005867	0.02466749	0.38912204	0.98005867	0.02466749
213	1283.6005	985.0955	2857.9324	-977.4673	600.0	190.35219	118.13276	426.6464	-131.88925	5136000	2.483527e-09	24523.932	-0.023723563	-6316.5645	0.23873083	0.015438705	0.221	18.0	8965.82288146019	0.45833334	0.45833334	0.07189242	0.17493904	0.005633082	0.4028584	0.9116896	0.01972472	0.4028584	0.9116896	0.01972472
214	1046.1483	945.1739	2788.3872	-989.23505	600.0	190.0057	127.25012	483.3514	-203.58179	5160000	2.483527e-09	23348.334	-0.020397106	-5326.187	0.23763128	0.015603765	0.19633333	15.0	9009.403158426285	0.375	0.41666666	0.08267593	0.18074135	0.011272294	0.48833275	0.93221325	0.044007227	0.48833275	0.93221325	0.044007227
215	856.1884	1035.7642	2963.8765	-1027.8721	600.0	160.61205	129.12413	461.36462	-200.71417	5184000	0.0	19051.904	-0.020627437	-3414.3171	0.23874818	0.015889386	0.194125	16.0	9052.876801729202	0.29166666	0.33333334	0.09043216	0.18077269	0.014971559	0.52231884	0.957734	0.0068522515	0.52231884	0.957734	0.0068522515
216	1146.4362	1068.2391	2861.0862	-883.3932	600.0	163.38359	144.98485	476.56287	-251.84657	5208000	-1.2417634e-08	24354.547	-0.03663041	-7942.86	0.23747434	0.01512514	0.231125	44.0	9097.8621134758	0.33333334	0.375	0.08952097	0.18059367	0.012940033	0.41761887	0.85512877	0.025591219	0.41761887	0.85512877	0.025591219
217	1095.021	858.415	2435.4912	-1029.7678	600.0	145.54558	117.80178	431.37375	-225.53024	5232000	-6.208817e-09	31799.068	-0.032187972	-6157.226	0.23334926	0.01512758	0.221	37.0	9139.724279403687	0.29166666	0.375	0.07371982	0.18095405	0.0042848024	0.49853334	0.92321575	0.007879951	0.49853334	0.92321575	0.007879951
218	1265.959	1072.201	3019.1736	-1000.959	600.0	183.20406	138.79079	422.6965	-260.0131	5256000	-1.1175871e-08	22668.219	-0.023741549	-4339.7104	0.2338913	0.015655614	0.19337499	19.0	9183.411001443863	0.5833333	0.5	0.062479492	0.14458142	0.0046113143	0.44305873	0.983633	0.019736659	0.44305873	0.983633	0.019736659
219	1512.8584	826.22284	2693.1023	-198.26103	600.0	203.49167	129.74648	454.9749	-148.96437	5280000	4.346172e-09	21141.94	-0.022154057	-4618.639	0.23037852	0.0152391745	0.20349999	17.0	9230.968349218369	0.5	0.6666667	0.08466003	0.1807102	0.014022705	0.34784818	0.9851492	0.0021289194	0.34784818	0.9851492	0.0021289194
220	1286.1565	782.6303	3237.3425	-80.71788	600.0	176.85648	116.337036	446.68195	-152.28114	5304000	-1.4901161e-08	15561.641	-0.026976278	-3201.946	0.22813226	0.015180543	0.20070833	23.0	9277.43410563469	0.5	0.41666666	0.06819893	0.16942766	0.008491917	0.43859562	0.97662497	0.021757022	0.43859562	0.97662497	0.021757022
221	1309.4691	837.9034	2948.8748	10.825345	600.0	193.24425	130.90732	490.79492	-104.09501	5328000	-1.1175871e-08	19408.045	-0.025585994	-3745.5173	0.22225522	0.015113254	0.20770831	21.0	9322.050037622452	0.45833334	0.5	0.07165349	0.18048787	0.006316852	0.38964418	0.97510916	0.012432364	0.38964418	0.97510916	0.012432364
222	1020.5693	977.0721	2688.4902	-677.58813	600.0	149.90997	117.195915	471.11566	-122.83224	5352000	-9.934108e-09	18656.076	-0.030732146	-4284.0566	0.2198895	0.015020645	0.21320833	33.0	9373.583918571472	0.33333334	0.375	0.0928695	0.18084998	0.017740764	0.5027776	0.9584257	0.026139827	0.5027776	0.9584257	0.026139827
223	1104.0636	923.7371	2650.3762	-936.3452	600.0	147.72052	132.21388	449.48694	-180.5157	5376000	-4.346172e-09	25956.834	-0.019869031	-3210.4832	0.21478188	0.015165138	0.18229167	14.0	9421.406135559082	0.375	0.33333334	0.063272975	0.18017387	0.004444537	0.52760714	0.956371	0.0063338	0.52760714	0.956371	0.0063338
224	1659.899	860.3011	3038.3342	48.74109	600.0	203.82164	128.55078	434.38245	-113.0958	5400000	4.967054e-09	21919.805	-0.029797822	-4221.7104	0.21195912	0.015111667	0.21824999	28.0	9468.251721382141	0.41666666	0.5833333	0.06950924	0.17603675	0.0038624064	0.37278113	0.83932555	0.078727715	0.37278113	0.83932555	0.078727715
225	1391.8071	1001.8276	2618.1301	-566.5407	600.0	192.45285	127.74733	432.06827	-121.47572	5424000	0.0	26413.734	-0.025222523	-5789.9907	0.21013965	0.0152045535	0.19629167	21.0	9516.957439661026	0.5416667	0.5833333	0.071049236	0.1807213	0.0031246261	0.4245411	0.98985016	0.00068516005	0.4245411	0.98985016	0.00068516005
226	1071.5437	964.99585	2785.893	-1072.1622	600.0	200.77855	110.06126	430.72623	-136.73242	5448000	-4.967054e-09	20068.521	-0.031083807	-4770.9277	0.20951307	0.015052841	0.21120834	31.0	9561.762453317642	0.33333334	0.5416667	0.08579558	0.18053079	0.012135294	0.43378678	0.9190737	0.02089625	0.43378678	0.9190737	0.02089625
227	1161.0757	969.27783	2902.7976	-1027.93	600.0	168.18808	130.93898	432.6233	-250.79004	5472000	2.483527e-09	20414.217	-0.019327441	-4319.573	0.20715272	0.01555336	0.17845833	13.0	9610.110381364822	0.5	0.5	0.069455735	0.18094242	0.010826481	0.46618608	0.94964945	0.10707589	0.46618608	0.94964945	0.10707589
228	1108.5072	973.24774	2620.6475	-794.85925	600.0	172.7061	125.724335	424.37994	-311.08368	5496000	-7.450581e-09	28486.756	-0.024492696	-4456.982	0.2063815	0.015153569	0.20179166	18.0	9657.216067314148	0.41666666	0.5	0.083545	0.1808809	0.0035306558	0.42050186	0.93139434	0.00497845	0.42050186	0.93139434	0.00497845
229	1313.9282	752.7288	3399.0737	72.71525	600.0	151.5035	137.07521	448.196	-255.05128	5520000	9.934108e-09	25718.545	-0.021330098	-4289.6606	0.20491554	0.016248913	0.18266666	15.0	9705.02514910698	0.375	0.375	0.06609573	0.18092915	0.006255845	0.47183743	0.9863505	0.0037322182	0.47183743	0.9863505	0.0037322182
230	1377.5488	1160.5677	2837.5037	-1526.4891	600.0	186.50674	107.2968	415.98676	-114.50151	5544000	-1.7384687e-08	27538.873	-0.026021106	-5842.188	0.20357604	0.015235911	0.2015	24.0	9753.647001981735	0.625	0.5416667	0.06080666	0.18082069	0.0076129744	0.40453526	0.91850525	0.024641367	0.40453526	0.91850525	0.024641367
231	1278.4994	849.3957	2871.895	-33.941765	600.0	171.61247	162.67001	479.17697	-160.935	5568000	5.5879354e-09	18152.334	-0.024094813	-3574.7139	0.20172687	0.015527611	0.20683335	19.0	9799.64247250557	0.45833334	0.5416667	0.07666752	0.16162266	0.008849841	0.40726694	0.9909574	0.01566037	0.40726694	0.9909574	0.01566037
232	797.4091	1247.4546	3400.2202	-1362.4807	600.0	148.13914	126.63091	451.2477	-108.0833	5592000	9.934108e-09	26543.203	-0.026480198	-4954.3555	0.20082814	0.015223331	0.19854169	24.0	9851.787114620209	0.25	0.41666666	0.10011091	0.18062091	0.01304949	0.517907	0.93744844	0.012539265	0.517907	0.93744844	0.012539265
233	1362.2277	1053.6423	2709.673	-840.73615	600.0	189.63754	124.49996	437.87802	-130.4157	5616000	0.0	15852.081	-0.035426106	-5119.719	0.2002219	0.015119868	0.23170833	43.0	9893.560826539993	0.45833334	0.5416667	0.069950335	0.1806163	0.0066343425	0.43070903	0.92624104	0.061523058	0.43070903	0.92624104	0.061523058
234	1398.7433	956.7754	3170.7947	-253.58192	600.0	224.28462	145.5424	503.68164	-152.12228	5640000	4.967054e-09	27161.736	-0.021406675	-5430.445	0.19296621	0.015343107	0.18816666	14.0	9941.82468008995	0.45833334	0.5	0.06910188	0.18034825	0.007886584	0.40009126	0.9956368	0.035258915	0.40009126	0.9956368	0.035258915
235	926.779	1086.2418	2663.2288	-954.3313	600.0	156.58025	125.57938	448.3289	-293.08047	5664000	3.1044085e-09	25499.045	-0.026598604	-4226.0767	0.19148763	0.015563112	0.19495833	23.0	9989.920148134232	0.375	0.29166666	0.07161141	0.1806818	0.00063615746	0.5937175	0.98356056	0.057502538	0.5937175	0.98356056	0.057502538
236	1462.6527	960.89557	3005.9216	-279.28513	600.0	212.0374	142.50725	506.54413	-135.8175	5688000	-6.208817e-09	26793.959	-0.030211693	-4320.044	0.18884571	0.015099547	0.22016668	29.0	10037.7628865242	0.45833334	0.5416667	0.07912858	0.17693062	0.008942668	0.3974696	0.9570376	0.001828091	0.3974696	0.9570376	0.001828091
237	1421.0507	998.7506	2846.4915	-1276.3241	600.0	208.89166	114.012	451.04007	-87.44718	5712000	2.4835268e-08	27051.914	-0.021173233	-6022.328	0.18479262	0.0150324805	0.17733331	16.0	10083.604716539383	0.5	0.5416667	0.07705938	0.18073806	0.0058261342	0.4507123	0.9147291	0.0004225336	0.4507123	0.9147291	0.0004225336
238	1437.5135	1107.8811	2974.5967	-1490.442	600.0	188.5335	135.76698	468.04492	-269.0084	5736000	2.4835268e-08	36038.285	-0.02002879	-10488.267	0.18358849	0.015170532	0.17941666	14.0	10129.961869239807	0.41666666	0.41666666	0.06872852	0.18043871	0.010903678	0.47870326	0.90916085	0.059809122	0.47870326	0.90916085	0.059809122
239	1658.4878	887.4907	3020.1729	-546.7258	600.0	200.81792	127.3304	449.10693	-160.856	5760000	-2.9802322e-08	31799.24	-0.024756959	-6913.125	0.18307702	0.015001822	0.20679168	22.0	10169.753438949585	0.5833333	0.625	0.06463694	0.1805598	0.0025248379	0.36010846	0.9800262	0.02702072	0.36010846	0.9800262	0.02702072
240	1320.3885	994.8789	2998.981	-535.4706	600.0	192.26091	123.79875	444.23358	-75.4751	5784000	7.450581e-09	31696.006	-0.018134313	-6365.6895	0.18253016	0.015397248	0.22141667	12.0	10216.66286444664	0.45833334	0.7916667	0.07966441	0.18033478	0.009755501	0.36310944	0.98636854	0.042739417	0.36310944	0.98636854	0.042739417
241	1080.2979	1091.3722	3103.9126	-922.17566	600.0	157.92859	129.89154	475.49646	-157.10101	5808000	1.3659398e-08	21290.525	-0.0170612	-2924.128	0.18200468	0.01536683	0.19570833	12.0	10256.166215896606	0.45833334	0.625	0.07556014	0.18051617	0.022324495	0.34204054	0.8323924	0.031881183	0.34204054	0.8323924	0.031881183
242	1080.9287	772.6307	2634.7712	-154.42429	600.0	168.02989	140.27444	516.68805	-147.9591	5832000	-1.1175871e-08	29360.906	-0.020966494	-5111.9575	0.18106711	0.015688857	0.20483334	17.0	10302.26897597313	0.41666666	0.41666666	0.07132654	0.18064502	0.01791638	0.46484843	0.98780817	0.045725424	0.46484843	0.98780817	0.045725424
243	1271.5421	951.3019	2857.7822	-427.12305	600.0	195.45209	117.67043	452.6931	-127.362045	5856000	-2.1109978e-08	21794.748	-0.017700275	-4221.729	0.18048601	0.016207686	0.19804168	11.0	10356.568806409836	0.5	0.45833334	0.057638627	0.17992865	0.006164103	0.42103675	0.9570625	0.012083459	0.42103675	0.9570625	0.012083459
244	1170.2981	1095.7844	2983.6497	-1201.3359	600.0	153.77881	129.72237	444.2182	-200.7328	5880000	-2.2351742e-08	27971.361	-0.02560363	-4363.523	0.17933677	0.015450421	0.21816666	21.0	10404.644312620163	0.29166666	0.33333334	0.06854151	0.18027258	0.009140971	0.49972805	0.9012659	0.018119892	0.49972805	0.9012659	0.018119892
245	987.0358	1266.3997	3096.029	-1857.394	600.0	194.97308	137.25502	553.09845	-133.88042	5904000	-1.4901161e-08	38578.766	-0.023686117	-8657.019	0.17978601	0.015516003	0.19683333	18.0	10456.545179128647	0.375	0.5	0.088097446	0.18093058	0.012880908	0.4531324	0.9723826	0.036158845	0.4531324	0.9723826	0.036158845
246	1327.7611	941.4383	2839.6099	-893.91296	600.0	156.23763	130.41403	482.6046	-153.28613	5928000	2.483527e-09	20981.072	-0.022130037	-3273.117	0.1782539	0.015088667	0.19941668	17.0	10503.592994689941	0.41666666	0.41666666	0.0602691	0.18047786	0.011389597	0.4782175	0.99863356	0.004740896	0.4782175	0.99863356	0.004740896
247	1155.1831	1186.5961	3270.1985	-826.07886	600.0	167.46745	119.85056	505.01532	-124.55448	5952000	-4.346172e-09	31237.959	-0.021501081	-7014.4165	0.17571099	0.015200932	0.18579166	17.0	10553.536044597626	0.625	0.33333334	0.059977446	0.18055345	0.004764493	0.5170652	0.9489765	0.036785908	0.5170652	0.9489765	0.036785908
248	1268.1875	964.01025	2796.808	-898.3627	600.0	211.41913	125.74428	525.2777	-87.72257	5976000	0.0	28931.174	-0.024550578	-7162.5977	0.17273468	0.015000406	0.19450001	19.0	10608.460795164108	0.33333334	0.41666666	0.07389129	0.180641	0.0038950418	0.51097417	0.9436205	0.05611704	0.51097417	0.9436205	0.05611704
249	1253.026	1174.2024	2796.4873	-1313.5923	600.0	190.18967	140.74165	523.94495	-91.510574	6000000	0.0	28107.37	-0.025461638	-3866.8064	0.16949518	0.01500995	0.19362502	20.0	10661.190080404282	0.5833333	0.45833334	0.080366306	0.18186031	0.015107236	0.4273316	0.9647828	0.0014863762	0.4273316	0.9647828	0.0014863762
