Epoch	AverageEpRet	StdEpRet	MaxEpRet	MinEpRet	EpLen	AverageVVals	StdVVals	MaxVVals	MinVVals	TotalEnvInteracts	LossPi	LossV	DeltaLossPi	DeltaLossV	Entropy	KL	ClipFrac	StopIter	Time	SuccessRateVal	OriSuccessRateVal	FinalDist	MaxFinalDist	MinFinalDist	FinalOriDist	MaxFinalOriDist	MinFinalOriDist	FinalOriScaledDist	MaxFinalOriScaledDist	MinFinalOriScaledDist	FinalScore	MaxFinalScore	MinFinalScore
0	91.164444	51.21731	248.2847	-48.08643	50.0	0.11601319	0.11270408	0.5238905	-0.30543196	22500	-2.0861625e-08	2662.905	-0.017730435	-565.8665	0.91894233	0.009509454	0.1136889	79.0	95.02977061271667	0.028888889	0.12888889	0.11863524	0.16188128	0.034975227	1.6399711	3.1303186	0.01118522	0.522019	0.9964113	0.0035603663	0.15823612	0.26045123	0.04794335
1	97.96902	51.145863	249.20181	-20.600615	50.0	9.450817	0.05161682	9.526295	8.8706875	45000	-4.7683717e-08	2264.99	-0.017329413	-279.22818	0.9170149	0.008241273	0.10875555	79.0	192.58570384979248	0.022222223	0.14222223	0.1202178	0.15974279	0.006789688	1.5708753	3.138073	0.0060207723	0.5000251	0.9988797	0.0019164713	0.15936737	0.23772669	0.013647871
2	103.07384	49.225174	232.05745	-12.952704	50.0	15.050761	0.02335288	15.0803585	14.7206135	67500	-5.736947e-08	2060.7317	-0.019627497	-196.79544	0.9134428	0.0076076435	0.114711106	79.0	284.910667181015	0.022222223	0.12	0.12117854	0.15971024	0.0081594605	1.5762198	3.1409862	0.0071335468	0.5017263	0.99980694	0.0022706785	0.16151147	0.2667677	0.015404451
3	105.17152	47.966766	242.39357	-29.811405	50.0	19.782213	0.016780157	19.801298	19.508696	90000	2.9802323e-09	1850.7344	-0.01920778	-129.00964	0.9084881	0.00994059	0.11511111	79.0	382.59092378616333	0.013333334	0.13777778	0.1206814	0.16001329	0.049983803	1.6106833	3.1376622	0.004038108	0.5126964	0.9987489	0.0012853696	0.16023578	0.25233126	0.071428165
4	110.61341	48.158226	242.7555	6.164611	50.0	23.743702	0.017257381	23.760735	23.366537	112500	-7.450581e-09	1799.9144	-0.02057347	-99.307785	0.9063551	0.00925889	0.12026666	79.0	474.2865574359894	0.028888889	0.1	0.12058098	0.15935504	0.021421554	1.6052284	3.1336963	0.015888635	0.5109601	0.9974865	0.0050575095	0.1598482	0.2124774	0.032400366
5	112.737854	49.247036	245.68495	4.154501	50.0	27.329884	0.018929781	27.3475	26.952164	135000	-1.1175871e-08	1793.9297	-0.01967732	-59.835766	0.90422887	0.0064891824	0.11271111	79.0	565.4874992370605	0.02	0.08444444	0.12267293	0.16074896	0.026558207	1.6645383	3.1415603	0.0052936687	0.52983904	0.99998975	0.0016850271	0.16359279	0.27476004	0.03793727
6	120.718285	47.33211	237.98117	-0.5185577	50.0	30.226017	0.056151513	30.256548	28.186079	157500	-1.7881394e-08	1847.4089	-0.020460878	-84.355774	0.9007742	0.009614876	0.12724444	79.0	659.0486526489258	0.031111112	0.12222222	0.12446634	0.16024472	0.014239611	1.582413	3.1295576	0.0012002493	0.50369763	0.99616915	0.00038205122	0.16559434	0.26062015	0.021933137
7	123.02993	47.306152	254.45348	0.11885933	50.0	32.268806	3.7155244	33.456177	-24.395094	180000	-7.0780515e-09	1763.6321	-0.020819042	-217.73294	0.8972479	0.009193502	0.1317778	79.0	756.865954875946	0.013333334	0.12	0.12548926	0.16074644	0.012518421	1.6011639	3.1312456	0.03010849	0.50966626	0.9967065	0.00958383	0.16776696	0.2526566	0.020979086
8	123.3314	44.519547	253.99881	17.886538	50.0	28.976412	10.6671095	37.291092	-18.640003	202500	-2.9802322e-08	1461.8444	-0.022435578	-158.35695	0.8913843	0.013031384	0.15728888	79.0	848.2504189014435	0.028888889	0.13333334	0.12626167	0.16009833	0.010717452	1.6253169	3.1395469	0.00013682092	0.5173545	0.9993488	4.3551452e-05	0.16808759	0.26140726	0.01840193
9	131.23412	44.29367	243.68929	28.76605	50.0	29.359137	12.976085	41.44087	-14.692219	225000	9.313226e-10	1439.6804	-0.022777505	-151.38422	0.88607657	0.010261474	0.15617779	79.0	938.9042220115662	0.037777778	0.11111111	0.12681386	0.16110945	0.023359701	1.6388623	3.1294096	0.005755755	0.5216661	0.996122	0.0018321138	0.16928822	0.25477314	0.03441689
10	140.89594	46.266552	261.93933	35.192894	50.0	31.295786	15.160185	45.884705	-15.086903	247500	0.0	1517.0549	-0.021922413	-154.00923	0.88108635	0.0112141315	0.1428	79.0	1030.171305179596	0.022222223	0.12222222	0.12728736	0.16150111	0.0249849	1.5769547	3.1372209	0.014117897	0.5019602	0.9986084	0.004493866	0.16970469	0.25953454	0.03686765
11	140.19296	43.11617	241.76535	44.139496	50.0	33.73885	16.72655	50.5783	-11.955107	270000	7.4505807e-10	1269.7848	-0.02260195	-110.69047	0.8730728	0.011287242	0.15688889	79.0	1121.5700833797455	0.022222223	0.12222222	0.12890698	0.16019456	0.019203061	1.583679	3.1372664	0.013897116	0.5041007	0.99862295	0.0044235894	0.17205283	0.2930254	0.02478324
12	147.50067	44.69573	286.75488	16.739403	50.0	34.48547	18.284788	54.6585	-9.918642	292500	1.3411045e-08	1310.3987	-0.022166375	-127.043106	0.86382276	0.009610931	0.136	79.0	1214.4688894748688	0.022222223	0.13333334	0.13061906	0.16123396	0.027272183	1.627339	3.1315696	0.009041582	0.5179981	0.99680954	0.0028780252	0.17510603	0.2696116	0.039690737
13	150.77353	44.487087	266.1086	50.947098	50.0	37.65641	20.372372	58.860374	-27.519655	315000	-2.4214387e-08	1263.266	-0.023603702	-108.34596	0.8621022	0.014723313	0.16102222	79.0	1311.3210611343384	0.028888889	0.12666667	0.13065925	0.16118777	0.020480286	1.5365843	3.1357691	0.0043590055	0.48910996	0.9981463	0.0013875146	0.17555319	0.26769978	0.03565165
14	157.60504	45.257866	274.22366	66.215164	50.0	39.67216	21.375603	62.88685	-16.092855	337500	1.6391278e-08	1316.9631	-0.02290636	-117.14703	0.8549018	0.012175041	0.14364444	79.0	1408.7254030704498	0.057777777	0.13333334	0.12463436	0.1614967	0.011811885	1.5963818	3.135181	0.0027555884	0.50814414	0.9979591	0.000877131	0.16903836	0.27757815	0.025119359
15	156.19144	43.701496	279.53018	70.28372	50.0	40.780262	23.105877	67.00492	-19.881863	360000	-1.4901161e-08	1139.8281	-0.02142577	-97.5486	0.85177344	0.0101936525	0.13444445	79.0	1501.4218182563782	0.053333335	0.10888889	0.12851468	0.16209853	0.0094246045	1.6102167	3.1413789	0.0071746707	0.51254785	0.999932	0.0022837687	0.17441413	0.27132884	0.014111786
16	162.52962	43.164795	279.35938	73.50919	50.0	41.43089	24.313742	70.71162	-30.043823	382500	-3.3527612e-09	1124.2107	-0.022686275	-95.40656	0.8438258	0.012708999	0.14453332	79.0	1595.167313337326	0.06888889	0.093333334	0.12459312	0.1620556	0.004338178	1.6330737	3.1415896	0.005872353	0.5198235	0.99999905	0.001869228	0.16974477	0.30268797	0.010497399
17	165.63077	42.465107	272.97684	77.961586	50.0	43.068966	25.947302	74.47787	-17.613459	405000	1.3411045e-08	1054.7623	-0.022865873	-99.80766	0.83933175	0.0109054	0.14231113	79.0	1698.611932516098	0.06888889	0.13111112	0.12617193	0.16111553	0.019763464	1.5618284	3.1412902	0.0069221803	0.49714538	0.9999037	0.0022033984	0.17261717	0.27941957	0.029821118
18	167.47324	44.13266	260.6716	64.24638	50.0	46.32139	27.226452	78.2144	-11.293925	427500	-2.2351742e-08	1017.75244	-0.023504492	-98.85606	0.8320034	0.010716918	0.15986666	79.0	1792.8447415828705	0.057777777	0.13333334	0.12570526	0.16045478	0.01341903	1.623798	3.140447	0.0103516895	0.5168709	0.9996353	0.003295045	0.17272216	0.32086253	0.01768637
19	171.77357	42.624195	275.6728	67.358116	50.0	46.621872	27.516148	81.78794	-12.8136835	450000	-2.682209e-08	989.6666	-0.022539487	-90.82039	0.82440585	0.012336561	0.15684445	79.0	1888.9678099155426	0.07777778	0.11111111	0.124973655	0.16795117	0.004558424	1.5405222	3.1273777	0.008400829	0.49036348	0.9954753	0.0026740667	0.17119804	0.3317976	0.007132027
20	170.55031	41.263542	281.8553	75.54256	50.0	46.449432	29.460442	85.36504	-1.1946499	472500	-1.5646219e-08	843.80096	-0.023501355	-67.305565	0.81880265	0.013306719	0.15604445	79.0	1983.3444945812225	0.064444445	0.12222222	0.124842085	0.1635946	0.00806703	1.5611615	3.1393585	0.0021021457	0.4969332	0.99928886	0.0006691338	0.17208679	0.28828734	0.011398265
21	172.24017	43.35063	281.21234	94.33706	50.0	47.41376	30.691051	88.553246	-10.071488	495000	-6.3329937e-09	864.557	-0.022559334	-75.37394	0.80954874	0.0118515	0.13733333	79.0	2084.8298556804657	0.086666666	0.10666667	0.12124559	0.16315973	0.010822677	1.6028081	3.128895	0.018133039	0.5101897	0.9959582	0.0057719257	0.16777885	0.34519804	0.016877178
22	173.51854	41.00025	281.24884	73.75945	50.0	48.723255	31.761026	91.64618	-9.640844	517500	1.5646219e-08	781.1613	-0.02282553	-75.88307	0.8031374	0.010834505	0.15395555	79.0	2180.4291083812714	0.08	0.09777778	0.12492793	0.16764338	0.003429476	1.613535	3.1393852	0.005984421	0.51360416	0.9992973	0.0019049003	0.17315464	0.32757846	0.009201317
23	174.3685	42.746326	277.1591	78.18945	50.0	48.913757	32.457455	94.52155	-10.257655	540000	8.195639e-09	738.2255	-0.023431802	-72.608955	0.7944726	0.010395343	0.15084444	79.0	2277.21431183815	0.07777778	0.09555556	0.12404497	0.16186503	0.003058393	1.6947249	3.1407363	0.028738683	0.53944767	0.9997274	0.009147807	0.17341363	0.3161431	0.005419193
24	177.1517	40.455086	271.68158	87.27757	50.0	51.205795	33.816032	97.43798	-7.1680994	562500	-2.8312206e-08	698.66895	-0.023411924	-65.40568	0.7885963	0.011427348	0.15604444	79.0	2370.716984272003	0.08888889	0.115555555	0.12280574	0.16313915	0.01110807	1.6033083	3.140467	0.007291042	0.5103489	0.99964166	0.0023208107	0.17110321	0.2958423	0.031534344
25	176.67888	40.336548	271.73724	96.037636	50.0	50.92091	34.26401	100.19371	-6.600714	585000	-1.8626451e-08	664.14386	-0.023996998	-53.52407	0.77880204	0.01205894	0.15195556	79.0	2467.102347135544	0.09555556	0.11777778	0.120237865	0.16648741	0.011367543	1.5901207	3.1406105	0.009360719	0.50615114	0.9996874	0.0029796092	0.16805549	0.3192357	0.017354215
26	176.86412	41.24052	266.84286	92.42215	50.0	51.046463	35.334465	102.78604	-5.007835	607500	-2.2351743e-09	655.6292	-0.022455838	-52.800587	0.7718441	0.011914028	0.14022222	79.0	2564.6383962631226	0.10888889	0.11111111	0.11825502	0.16129705	0.005478531	1.6197076	3.1415558	0.009544116	0.5155689	0.99998826	0.0030379866	0.16533084	0.38353077	0.009745474
27	181.05565	41.67205	282.46432	85.121956	50.0	52.1781	35.52349	105.25801	-7.097424	630000	-8.940697e-09	642.6529	-0.022281075	-58.760803	0.76541054	0.011347426	0.14248888	79.0	2661.0102248191833	0.09555556	0.09111111	0.11965059	0.1619919	0.0063260677	1.606383	3.1339707	0.009850661	0.51132756	0.9975739	0.0031355629	0.16870593	0.29270744	0.008394278
28	181.1293	41.560352	274.80466	105.35262	50.0	52.36599	36.037025	107.87785	-4.878072	652500	2.682209e-08	588.1766	-0.022863118	-48.836426	0.7588372	0.010576191	0.14968888	79.0	2761.769515991211	0.12444445	0.11777778	0.114380665	0.16416723	0.010719016	1.6362128	3.137653	0.0089175245	0.5208227	0.99874604	0.0028385362	0.16126329	0.31719553	0.025272014
29	186.42212	42.592216	286.85004	101.60785	50.0	55.76389	37.628784	110.332794	-13.448279	675000	0.0	644.07874	-0.023462575	-55.15929	0.7501763	0.012207913	0.16275556	79.0	2859.9305827617645	0.12444445	0.12	0.11350935	0.16447668	0.011120962	1.5343639	3.1329823	0.01230444	0.48840317	0.99725926	0.003916625	0.16196851	0.3008431	0.026049009
30	184.03809	42.00523	287.46484	88.955414	50.0	55.591946	37.067192	113.01087	-5.2005854	697500	-2.2351743e-09	586.4364	-0.024226317	-50.62067	0.7426807	0.011399043	0.1576	79.0	2958.5017652511597	0.13555555	0.11777778	0.11147788	0.16473979	0.0043996	1.6049552	3.1394358	0.010929904	0.51087314	0.9993134	0.0034790966	0.15986745	0.3446217	0.007935623
31	185.01031	39.89603	281.28076	95.157974	50.0	55.717533	37.86649	115.32684	-4.1045656	720000	-7.4505807e-10	533.07324	-0.022689903	-43.167244	0.7341655	0.011029197	0.14186665	79.0	3055.4274456501007	0.10666667	0.104444444	0.11351144	0.16464703	0.012337593	1.5753853	3.137703	0.025704833	0.50146073	0.99876183	0.008182103	0.16285962	0.2999204	0.018534228
32	187.50986	40.096863	283.69733	84.51092	50.0	56.193527	38.073544	117.56771	-3.2940273	742500	-2.0861625e-08	554.3231	-0.02253226	-52.37102	0.7312671	0.0099557545	0.13857779	79.0	3152.9607133865356	0.12666667	0.115555555	0.10946267	0.16101682	0.0063701137	1.5731256	3.1413867	0.025508609	0.5007414	0.9999345	0.008119643	0.15658051	0.38908038	0.0113093
33	183.37921	40.18515	304.81802	99.65832	50.0	56.971855	39.285416	119.73561	-1.7865146	765000	-5.2154063e-09	518.05023	-0.023706125	-50.633514	0.7281437	0.01183212	0.15875557	79.0	3248.667667865753	0.14	0.09555556	0.110878035	0.16504307	0.008313365	1.6339453	3.1415389	0.020157075	0.52010095	0.9999829	0.0064161965	0.15838645	0.3087633	0.011563456
34	186.27493	40.951073	295.9115	100.88708	50.0	55.41073	39.16261	121.62422	-7.0487704	787500	2.2351743e-09	515.9149	-0.023663241	-46.07865	0.72200596	0.011828659	0.1507111	79.0	3346.8971843719482	0.1711111	0.11777778	0.11014416	0.164991	0.004798017	1.6398346	3.1407528	0.0011995067	0.52197564	0.9997327	0.00038181484	0.15711229	0.2997072	0.030338414
35	186.838	40.470543	288.41138	110.06354	50.0	57.518127	39.789555	123.59107	-2.1810746	810000	4.4703485e-09	525.0295	-0.02395224	-42.23542	0.7115891	0.011155857	0.15391111	79.0	3448.7877871990204	0.18	0.08888889	0.10655424	0.16319475	0.004741657	1.621753	3.1280994	0.011064256	0.51622	0.99570495	0.0035218617	0.15478545	0.29668686	0.016093703
36	189.75581	40.256577	289.42807	103.72263	50.0	58.28443	39.813244	125.47616	-6.8862534	832500	1.4901161e-09	518.149	-0.023850888	-44.6704	0.70287925	0.010767932	0.15457778	79.0	3546.6940937042236	0.14666666	0.11333334	0.110242665	0.16453882	0.0052677584	1.5098656	3.1401768	0.0025910083	0.48060516	0.9995493	0.0008247436	0.15765189	0.38173616	0.019168299
37	187.34018	42.05784	302.8656	111.9334	50.0	57.207367	39.810932	127.40644	-10.313158	855000	-2.9802323e-09	488.75668	-0.023554206	-46.758625	0.69467366	0.011215709	0.15204445	79.0	3645.016824245453	0.12888889	0.09777778	0.10867016	0.16332601	0.003934683	1.6365092	3.141319	0.004075641	0.52091706	0.9999129	0.0012973169	0.15672353	0.28080663	0.009970458
38	185.80681	41.149685	297.07593	79.51449	50.0	58.159016	41.27768	129.1896	-16.597025	877500	2.1606684e-08	486.42816	-0.023856068	-45.04029	0.6873768	0.01136932	0.15262222	79.0	3743.6471095085144	0.16888888	0.09111111	0.10676254	0.16286792	0.010988369	1.6868465	3.1409304	0.014252102	0.5369399	0.9997892	0.004536585	0.15462053	0.29029813	0.019029364
39	190.31961	40.28927	288.54996	92.545715	50.0	57.342476	41.24333	130.83534	-12.4381695	900000	-1.4901161e-09	500.56757	-0.023722606	-50.330673	0.67994803	0.011096281	0.15413333	79.0	3843.5485553741455	0.21777777	0.104444444	0.10410117	0.16164479	0.010386964	1.6489855	3.1358948	0.02110671	0.5248884	0.9981863	0.0067184744	0.1503322	0.31167302	0.014761437
40	194.32681	41.31961	282.3482	106.15405	50.0	60.25919	41.43815	132.60997	-8.014584	922500	1.7136335e-08	497.9589	-0.023259116	-52.076256	0.6744461	0.011314559	0.14488891	79.0	3943.116289138794	0.21555555	0.115555555	0.1018348	0.16301264	0.00925077	1.594565	3.1396747	0.033224218	0.50756586	0.99938947	0.010575597	0.14911777	0.45275733	0.015746867
41	194.6318	41.37813	301.30075	114.21987	50.0	61.409904	42.27838	134.63593	-8.785665	945000	-6.7055224e-09	458.3286	-0.02277838	-36.078674	0.67025673	0.011244221	0.14888889	79.0	4042.674953222275	0.18888889	0.13333334	0.10042674	0.1792122	0.008628101	1.5301299	3.1301138	0.0120103955	0.48705545	0.9963462	0.0038230277	0.14774048	0.50793207	0.015909104
42	194.20854	41.948616	308.7134	114.35102	50.0	60.930443	42.235306	136.52127	-8.098547	967500	-1.4901161e-09	467.51617	-0.023094213	-34.980457	0.66359913	0.010416556	0.14817777	79.0	4140.853098154068	0.22222222	0.12	0.10276924	0.16121136	0.0024085667	1.5831496	3.1365035	0.022847217	0.5039322	0.99838006	0.007272495	0.1486556	0.31480518	0.018373271
43	189.96614	39.440083	293.29886	93.8878	50.0	60.236267	42.515778	138.31076	-8.877158	990000	9.685754e-09	449.49902	-0.02446573	-40.915306	0.6556102	0.012545447	0.15813334	79.0	4239.5868537425995	0.21777777	0.07777778	0.10125683	0.16320294	0.0036606402	1.6956638	3.132337	0.0035342437	0.5397465	0.9970538	0.0011249847	0.15122609	0.29945856	0.023403874
44	197.59018	41.447525	303.03003	116.61471	50.0	61.824432	42.844116	139.73306	-5.8141127	1012500	-1.0430813e-08	478.2041	-0.023806712	-57.307575	0.6489732	0.011350736	0.14884444	79.0	4337.647751331329	0.24222222	0.13111112	0.09774558	0.16160867	0.006547448	1.4984229	3.1415207	0.0027036474	0.47696283	0.9999771	0.00086059765	0.14320287	0.29573286	0.011127201
45	193.32948	39.58606	287.6229	104.43617	50.0	61.87467	42.98908	141.47017	-6.5825167	1035000	-1.2665987e-08	440.68106	-0.023943203	-36.86687	0.64114034	0.010704631	0.1479111	79.0	4441.086669683456	0.24666667	0.1	0.09609453	0.16271654	0.0046315277	1.6515012	3.1368895	0.0061460664	0.5256891	0.99850297	0.0019563537	0.14421271	0.30960685	0.0075211977
46	197.37856	41.100636	300.1897	99.43057	50.0	64.487434	42.819508	142.9794	-5.4207087	1057500	-4.4703485e-09	456.34653	-0.02391594	-56.26236	0.6350897	0.0105962055	0.14773333	79.0	4546.897807598114	0.2	0.11333334	0.09623632	0.16294704	0.0012202408	1.5952289	3.1316748	0.0050682267	0.5077771	0.99684304	0.0016132666	0.14321673	0.3190291	0.0031756242
47	195.76881	41.37238	289.58368	103.84791	50.0	63.05529	43.88818	144.70238	-9.046335	1080000	-3.7252904e-10	484.8024	-0.022615816	-53.415386	0.62924457	0.010454023	0.14657779	79.0	4647.150584936142	0.23777778	0.08444444	0.09538803	0.16352975	0.0093021225	1.6760881	3.1414828	0.019655151	0.5335154	0.999965	0.006256429	0.14151631	0.321354	0.01730857
48	196.4385	43.290714	294.68112	102.05483	50.0	61.677635	43.477974	146.27234	-11.978445	1102500	-7.4505807e-10	530.3534	-0.02323892	-46.974667	0.6265594	0.01021347	0.13928887	79.0	4745.469731330872	0.23777778	0.08444444	0.09210921	0.16273975	0.004555724	1.6483192	3.1379614	0.03700307	0.52467626	0.9988441	0.011778443	0.13957855	0.4497849	0.013058066
49	199.04071	41.078762	286.26526	102.44374	50.0	63.578312	44.098076	147.80048	-12.085376	1125000	6.7055224e-09	470.81647	-0.023022376	-55.93169	0.62127364	0.011577438	0.14324445	79.0	4845.223269939423	0.2777778	0.10666667	0.09285144	0.17259172	0.0053566587	1.6031799	3.1267498	0.0056974776	0.510308	0.9952753	0.0018135635	0.13952187	0.38729283	0.011670504
50	200.9476	39.85021	300.35678	100.186325	50.0	63.805378	44.459244	149.4602	-7.8746853	1147500	-1.5646219e-08	446.40753	-0.023285255	-52.90388	0.61604285	0.009037454	0.15626666	79.0	4944.640248060226	0.2688889	0.07111111	0.09128055	0.16105947	0.0030626608	1.6112158	3.1413674	0.008095895	0.51286596	0.9999283	0.0025770033	0.13797393	0.29670516	0.008902611
51	197.2604	40.132534	289.77493	102.18752	50.0	64.38887	44.16073	151.08157	-8.187439	1170000	5.9604646e-09	416.02704	-0.02339178	-35.21687	0.61009055	0.0102411825	0.15088889	79.0	5047.840872764587	0.27555555	0.11333334	0.092164665	0.16122739	0.010685768	1.6667091	3.1402774	0.014577621	0.53053	0.9995814	0.0046402006	0.14048992	0.35922125	0.015587878
52	198.34406	41.797203	306.9982	116.85967	50.0	63.4609	44.914177	152.4691	-10.811296	1192500	3.7252903e-09	429.71466	-0.023539372	-40.981922	0.60660064	0.010694351	0.15191111	79.0	5144.756001472473	0.26666668	0.09111111	0.08984957	0.1608367	0.005507231	1.672886	3.1336327	0.006218609	0.5324961	0.9974662	0.0019794446	0.13754891	0.33974394	0.0074506705
53	198.35332	39.078037	306.74008	105.66006	50.0	64.704475	44.673355	154.02315	-6.869664	1215000	-9.685754e-09	433.50024	-0.02318969	-40.895206	0.6008475	0.011208239	0.15462223	79.0	5240.882692575455	0.27333334	0.12222222	0.08783834	0.1682015	0.0036176632	1.6325611	3.1370158	0.026241587	0.51966035	0.99854314	0.008352957	0.1336509	0.4156161	0.011959866
54	201.49457	40.866734	307.39658	119.46824	50.0	65.35353	45.118855	155.31125	-7.2271905	1237500	1.899898e-08	440.03107	-0.022824634	-44.037483	0.5960344	0.012482745	0.15017778	79.0	5338.885050058365	0.30888888	0.12444445	0.08846339	0.16485383	0.001094012	1.5802976	3.1415558	0.021609174	0.5030244	0.99998826	0.0068784137	0.13398643	0.30410025	0.010306535
55	201.43336	40.35528	304.25803	109.839294	50.0	64.6382	46.67273	156.81125	-7.774639	1260000	-7.450581e-09	436.24277	-0.023024645	-40.503136	0.5907867	0.010542577	0.14177778	79.0	5441.268368959427	0.30666667	0.10222222	0.08556798	0.16163352	0.0034592557	1.653007	3.129236	0.04823835	0.52616847	0.99606675	0.015354742	0.13239619	0.35370854	0.0059177317
56	202.12927	38.46183	290.1024	121.08682	50.0	66.188	45.486702	158.18549	-8.36952	1282500	4.4703485e-09	419.30402	-0.02469402	-32.77378	0.5843903	0.011246467	0.16791111	79.0	5536.623062849045	0.28444445	0.1	0.086614214	0.16099471	0.002330325	1.5907966	3.1387088	0.017198067	0.50636625	0.9990821	0.005474315	0.13274899	0.33150384	0.01587091
57	205.64413	40.15393	307.6768	107.8502	50.0	65.792244	45.95356	159.36061	-9.66758	1305000	6.3329937e-09	467.5175	-0.023209825	-44.351227	0.57621986	0.010353713	0.14835556	79.0	5638.005635023117	0.3911111	0.09777778	0.082567595	0.16093287	0.0046994397	1.6658933	3.141184	0.018586341	0.5302703	0.99986994	0.005916216	0.12683806	0.28338417	0.01049364
58	203.40775	39.77279	305.4998	112.5448	50.0	67.72741	46.006805	160.74971	-11.187559	1327500	-2.7567149e-08	480.06317	-0.023553785	-43.0084	0.56874657	0.011073223	0.14786667	79.0	5740.819099187851	0.30888888	0.10666667	0.082093045	0.1610746	0.0039527593	1.6254807	3.1378427	0.017875925	0.5174066	0.9988063	0.005690084	0.1268617	0.43414286	0.013898856
59	205.97173	40.569065	315.09613	110.392075	50.0	65.57846	45.329903	162.093	-11.846999	1350000	4.4703485e-09	446.8583	-0.023312686	-50.324646	0.56529367	0.009245032	0.1476889	79.0	5841.441547393799	0.3422222	0.09555556	0.082543164	0.16295011	0.009807758	1.611094	3.129317	0.029769348	0.51282716	0.99609256	0.0094758775	0.12783687	0.33729312	0.014412956
60	205.77455	39.1386	293.93042	121.63756	50.0	67.20749	46.550526	163.56667	-12.08448	1372500	2.0861625e-08	415.5363	-0.023465257	-47.32398	0.561889	0.010859473	0.14822222	79.0	5937.729338169098	0.3422222	0.1	0.08113925	0.16042857	0.0016829879	1.6142977	3.1379178	0.0074324575	0.51384693	0.9988302	0.0023658248	0.12606451	0.3147575	0.014248557
61	204.65312	41.0543	301.44055	107.7297	50.0	68.81878	46.776886	164.78807	-7.717348	1395000	2.2351743e-09	420.11664	-0.023631599	-46.30793	0.55500376	0.012673421	0.1547111	79.0	6041.102688789368	0.36222222	0.12666667	0.08220429	0.1609468	0.0006915654	1.6101671	3.1415112	0.013021588	0.5125322	0.9999741	0.0041449005	0.12712555	0.3060122	0.009614925
62	207.59851	37.858356	300.84406	130.30104	50.0	67.65534	47.103893	166.13867	-10.763321	1417500	-6.3329937e-09	410.09073	-0.024715185	-57.51833	0.54764986	0.0122724	0.152	79.0	6149.245964050293	0.4	0.13333334	0.07727929	0.16313311	0.005984441	1.6112508	3.1393797	0.0023288026	0.5128771	0.9992956	0.00074128085	0.12018697	0.3109458	0.008688295
63	204.15729	40.749763	308.99893	110.456215	50.0	68.77125	47.114994	167.34474	-12.08679	1440000	-2.9802323e-09	457.00986	-0.023529738	-62.115833	0.5415889	0.010927128	0.14222221	79.0	6251.2341566085815	0.36	0.09777778	0.0822877	0.16448538	0.0018984131	1.6150393	3.1312191	0.011850048	0.51408297	0.996698	0.0037719873	0.12881832	0.37322938	0.010308213
64	212.81598	40.359833	301.30917	110.30152	50.0	69.68494	47.27521	168.3881	-11.688915	1462500	1.4901161e-08	458.96387	-0.024098443	-57.326683	0.5354279	0.011986716	0.16475555	79.0	6355.518709421158	0.40666667	0.12444445	0.07578077	0.16322851	0.0042470815	1.5621502	3.1236048	0.026977316	0.49724784	0.99427426	0.008587146	0.12055778	0.31102878	0.0107763205
65	210.1099	40.088852	302.03503	106.433044	50.0	70.83909	47.040474	169.98143	-8.948662	1485000	-2.9802323e-09	419.1425	0.001921153	-33.58081	0.5265201	0.016543563	0.24813335	6.0	6456.664133787155	0.39777777	0.11333334	0.07593138	0.16047673	0.0030231585	1.604556	3.1393092	0.0036434706	0.510746	0.9992732	0.0011597527	0.11996338	0.30517986	0.016449437
66	209.40898	41.32787	306.30594	114.4335	50.0	70.47718	47.11193	171.35263	-7.8743167	1507500	2.9802323e-09	421.76172	-0.02431486	-42.87231	0.5253361	0.012159592	0.16226667	79.0	6559.271234035492	0.36	0.10666667	0.076146014	0.16136634	0.00090140494	1.6043777	3.1362617	0.015899507	0.5106893	0.99830306	0.0050609703	0.11870819	0.2640513	0.005821279
67	210.7518	41.79167	308.03632	124.87061	50.0	71.20468	47.81585	172.69177	-8.102546	1530000	-1.4901161e-08	433.2871	-0.022634825	-49.618538	0.51912546	0.011927972	0.14848888	79.0	6658.75709939003	0.42222223	0.13333334	0.07511965	0.16016163	0.0031397922	1.5669292	3.141134	0.0070517184	0.49876904	0.999854	0.0022446318	0.116410464	0.2716553	0.0054161865
68	210.1128	38.70155	304.28366	118.20731	50.0	69.84018	47.730843	174.03218	-8.315952	1552500	-1.1920929e-08	421.51385	-0.023263652	-45.763756	0.5153655	0.011878257	0.1468	79.0	6757.068388938904	0.39555556	0.10888889	0.073707804	0.1602449	0.001526605	1.5823545	3.1308346	0.012181787	0.50367916	0.99657553	0.0038775832	0.11974346	0.49390414	0.0045764563
69	205.01892	38.73215	295.5746	116.07074	50.0	68.37356	47.074257	175.19267	-9.682406	1575000	1.4901161e-09	420.9583	-0.02353005	-38.05813	0.5090146	0.011426176	0.14755556	79.0	6863.3070249557495	0.38444445	0.075555556	0.07161348	0.16583133	0.0060769552	1.7417974	3.1388135	0.03573991	0.5544313	0.99911535	0.011376367	0.11395182	0.3270504	0.008759141
70	211.72482	40.687416	307.38586	110.99916	50.0	69.93618	47.22808	176.01149	-7.4892597	1597500	7.450581e-09	450.01163	-0.024302421	-48.757965	0.5062005	0.010957894	0.15448889	79.0	6959.5435910224915	0.44	0.12	0.07241085	0.1603809	0.0023120996	1.6137053	3.1362522	0.0063001174	0.5136584	0.9983	0.0020053897	0.11690484	0.34240857	0.008619062
71	209.911	39.688335	300.83063	105.0194	50.0	69.975815	47.50206	177.22444	-8.828457	1620000	-1.6391278e-08	442.24335	-0.023592014	-39.03646	0.49876174	0.010617798	0.1576	79.0	7055.334824323654	0.40666667	0.08888889	0.07124656	0.15982592	0.0028469737	1.696651	3.138098	0.018720383	0.54006076	0.99888766	0.0059588826	0.11536538	0.30787537	0.009523145
72	213.16208	40.931686	300.7199	115.97859	50.0	70.68037	48.138103	178.34166	-12.364435	1642500	0.0	462.4166	-0.0047765644	-48.95649	0.48974553	0.016338926	0.2506222	22.0	7155.531286716461	0.46888888	0.09777778	0.06867032	0.18320855	0.0032432918	1.5856031	3.1412354	0.035909113	0.5047131	0.9998863	0.011430225	0.11214109	0.5030806	0.0052348594
73	212.83183	40.2824	308.68863	117.50192	50.0	70.14138	48.09619	179.56758	-13.482936	1665000	-1.4901161e-09	422.9077	-0.022921685	-35.44941	0.48606387	0.010129395	0.1528889	79.0	7257.471957206726	0.44	0.09111111	0.06955758	0.16064984	0.00018286899	1.6755933	3.1349387	0.0055797333	0.53335786	0.99788195	0.0017760843	0.1171937	0.44527423	0.005418873
74	214.01111	40.091084	315.52972	122.77329	50.0	71.3805	49.159298	180.81754	-12.320454	1687500	-4.4703485e-09	455.17975	-0.024443077	-36.254997	0.48019952	0.011013237	0.148	79.0	7360.305717229843	0.40444446	0.11777778	0.071359076	0.15912037	0.00266476	1.5818217	3.1413295	0.012304963	0.50350946	0.9999162	0.003916791	0.11826455	0.4149026	0.0044741533
75	211.84383	39.36509	311.5091	119.2267	50.0	69.004906	48.78665	181.92445	-15.72282	1710000	-1.4901161e-08	404.69882	-0.02423317	-43.985073	0.47182378	0.011798268	0.162	79.0	7457.403495550156	0.4377778	0.075555556	0.06838789	0.16131397	0.00075173384	1.6531323	3.1414955	0.021118263	0.5262084	0.99996907	0.006722152	0.11160141	0.393413	0.008607267
76	211.52858	39.353584	308.3514	118.45491	50.0	70.67507	49.43991	183.02992	-15.332889	1732500	-4.4703485e-09	426.89316	-0.022635546	-52.127434	0.46580735	0.010890914	0.14382222	79.0	7557.175724506378	0.40222222	0.11333334	0.07008584	0.16494286	0.0015049777	1.6814476	3.1394603	0.020818204	0.5352214	0.9993212	0.0066266404	0.11511063	0.50333923	0.0056553953
77	214.71724	40.3114	314.1731	119.05763	50.0	69.13245	48.578827	184.11958	-14.057112	1755000	6.7055224e-09	477.6126	-0.02388758	-53.265587	0.4597186	0.010575267	0.15493333	79.0	7654.018488883972	0.46666667	0.1	0.065729946	0.16149089	0.00429342	1.5986228	3.127423	0.016751325	0.5088575	0.9954897	0.005332113	0.1079608	0.3102438	0.008496568
78	215.88567	37.936146	320.20743	118.3851	50.0	72.651596	49.283802	185.3604	-11.815069	1777500	2.1606684e-08	432.1993	-0.023814803	-36.911934	0.45299548	0.010245056	0.14968888	79.0	7752.364787578583	0.47777778	0.086666666	0.06077302	0.160138	0.003450308	1.6927316	3.1313217	0.045634817	0.53881323	0.9967306	0.014526013	0.10132769	0.27767155	0.0118595455
79	217.66068	39.681732	305.21445	115.996124	50.0	71.34892	48.867096	186.27153	-10.884416	1800000	-7.4505807e-10	437.70245	-0.023509674	-49.554775	0.448069	0.011164007	0.15439999	79.0	7849.349044799805	0.4888889	0.1	0.061055977	0.16107437	0.0032362766	1.6429739	3.136167	0.011279301	0.52297485	0.99827296	0.003590313	0.10246987	0.30551565	0.0057135406
80	216.65524	40.07847	304.4303	131.55922	50.0	73.03177	50.191193	187.56152	-16.193033	1822500	-8.940697e-09	403.8732	-0.023513077	-39.541527	0.44522983	0.010950299	0.1535111	79.0	7950.294074058533	0.4911111	0.10222222	0.06146647	0.15992129	0.00046875715	1.6468092	3.1398385	0.0020757779	0.5241956	0.9994416	0.0006607406	0.10496226	0.34038532	0.0009933601
81	216.75809	40.357857	316.77332	108.9579	50.0	71.87683	49.25834	188.73656	-23.27668	1845000	1.3411045e-08	438.52728	-0.022633506	-52.622505	0.43848234	0.009841812	0.1488889	79.0	8048.973380804062	0.4511111	0.08	0.061134953	0.15989332	0.0047134464	1.6630534	3.1323476	0.0062480927	0.5293663	0.9970572	0.0019888298	0.10492177	0.3196561	0.010889936
82	221.80696	37.162594	310.3729	119.9104	50.0	73.1338	50.741432	189.66792	-19.562254	1867500	2.9802323e-09	434.45148	-0.02246481	-56.729076	0.4328534	0.011837957	0.14893334	79.0	8146.488277673721	0.52444446	0.11111111	0.05896865	0.1615034	0.0023863984	1.5910414	3.1257322	0.033906184	0.5064442	0.9949514	0.010792674	0.098628975	0.37340164	0.0048330403
83	219.10834	38.739986	305.18396	123.51364	50.0	72.78273	49.4572	190.72624	-14.590486	1890000	2.682209e-08	438.63788	-0.023758644	-57.551117	0.42789465	0.013334995	0.1636	79.0	8242.201802253723	0.5377778	0.09777778	0.060514573	0.15941411	0.0015031534	1.6346734	3.1405215	0.0101386625	0.5203327	0.99965906	0.0032272364	0.10166046	0.28338197	0.0063381647
84	217.91165	39.787212	313.05692	119.926155	50.0	74.60705	50.235943	191.90805	-16.10293	1912500	-9.685754e-09	452.96063	-0.0004696739	-46.124825	0.42314845	0.01739043	0.23564443	6.0	8345.278580904007	0.5133333	0.09777778	0.062295884	0.16407834	0.0014715213	1.5907246	3.136575	0.02028254	0.5063433	0.9984029	0.0064561334	0.104229204	0.40495	0.0050709904
85	217.69775	38.461887	308.07605	116.99899	50.0	71.92438	49.02663	192.99406	-25.429379	1935000	-2.9802323e-09	439.68402	-0.00095971936	-53.148987	0.4220446	0.015150989	0.24417777	10.0	8443.461609125137	0.4977778	0.086666666	0.0589723	0.15961698	0.004417998	1.6140759	3.1358373	0.02192348	0.5137763	0.998168	0.006978461	0.10290571	0.44420025	0.0070433505
86	221.9958	39.428036	318.04843	115.97756	50.0	72.98006	49.721397	194.11742	-20.006683	1957500	-1.2665987e-08	473.55948	-0.023380825	-54.70526	0.41920274	0.010916681	0.15155555	79.0	8540.758642435074	0.5511111	0.11111111	0.053648952	0.15756576	0.00015491383	1.5846457	3.1357849	0.011441628	0.5044084	0.9981513	0.0036419835	0.09239312	0.2684883	0.004267569
87	222.64558	40.606438	315.4067	125.09854	50.0	75.550964	50.556263	195.17592	-13.161902	1980000	1.5646219e-08	458.64487	-0.023070056	-57.881226	0.41389924	0.011132407	0.14164445	79.0	8638.39431810379	0.5644444	0.11777778	0.057015814	0.1603691	0.0027787234	1.6275179	3.1411123	0.02600546	0.5180551	0.9998471	0.008277794	0.09703345	0.3042743	0.009638631
88	217.7665	40.110386	312.75507	107.81847	50.0	72.57928	49.0963	196.2487	-8.612335	2002500	-1.4901161e-09	411.15414	-0.023665663	-39.880337	0.40937367	0.011762634	0.15715554	79.0	8735.390197753906	0.5311111	0.086666666	0.05632905	0.16107456	0.0030266177	1.6723996	3.1297684	0.026803065	0.53234136	0.9962362	0.00853168	0.09609185	0.26505837	0.014200466
89	221.37962	38.7169	314.55933	109.257996	50.0	73.07526	50.824596	197.13739	-15.877628	2025000	-2.2351742e-08	413.83344	-0.023998048	-38.406258	0.40157443	0.010883344	0.15177777	79.0	8842.701752185822	0.5288889	0.1	0.05567308	0.16111557	0.0035024642	1.6520205	3.1398175	0.030843575	0.5258544	0.99943495	0.009817814	0.094741374	0.40778548	0.008592382
90	221.50441	40.45286	320.2685	121.37173	50.0	73.775154	50.295467	197.76907	-10.124376	2047500	1.6391278e-08	408.6068	-0.023095924	-37.16221	0.39407182	0.012931099	0.15906666	79.0	8946.033049583435	0.5377778	0.09555556	0.05368415	0.16082057	0.0002911239	1.5910711	3.1316843	0.0067923185	0.50645363	0.9968461	0.002162062	0.09181263	0.27417934	0.0037112285
91	223.35951	37.629753	313.51047	134.7724	50.0	73.63018	50.74666	199.23367	-7.9964237	2070000	6.891787e-09	414.98212	-0.023746947	-45.659267	0.3872711	0.011550832	0.15253334	79.0	9047.35582113266	0.5644444	0.086666666	0.054029528	0.16234611	0.0021760243	1.6320893	3.1147118	0.033624295	0.51951015	0.9914436	0.010702945	0.0932577	0.28459942	0.0036031755
92	222.94722	41.21625	311.3407	129.06699	50.0	76.449715	49.76162	200.19768	-9.720619	2092500	-4.4703485e-09	459.1883	-0.023425458	-46.986336	0.38238734	0.011277687	0.15008888	79.0	9147.512566328049	0.52444446	0.1	0.056089766	0.1587383	0.0024548382	1.6007786	3.1381462	0.0084207505	0.50954366	0.998903	0.002680408	0.09342828	0.2577691	0.0058336207
93	223.37767	40.037655	308.64523	114.74328	50.0	74.270355	50.638317	200.99556	-11.878734	2115000	8.940697e-09	456.91006	-0.024229715	-53.11991	0.37607756	0.012254715	0.15777779	79.0	9247.250436544418	0.5511111	0.12888889	0.05265766	0.1623694	0.0018280088	1.6039442	3.140605	0.037362143	0.51055133	0.9996856	0.01189274	0.08992386	0.26882702	0.003914852
94	223.95729	39.893085	322.69476	113.248344	50.0	73.4207	50.716496	201.85675	-18.96076	2137500	2.9802323e-09	406.05347	-0.023906138	-41.423058	0.37152308	0.012225425	0.14524443	79.0	9346.766899108887	0.58666664	0.09777778	0.05290629	0.16356796	0.00069245574	1.6378138	3.141566	0.026288051	0.5213324	0.99999154	0.008367746	0.09139607	0.32016486	0.0026293942
95	228.73853	39.08078	313.667	114.469444	50.0	76.28472	50.954346	202.68253	-23.337315	2160000	-1.1920929e-08	401.53925	8.150283e-06	-40.782276	0.3675176	0.015099046	0.22048888	12.0	9449.4999563694	0.5644444	0.11777778	0.049166176	0.16006097	0.002449609	1.5346638	3.1402242	0.023625156	0.48849866	0.9995644	0.0075201206	0.08712685	0.32689118	0.009649399
96	224.72198	39.730057	322.80835	135.23117	50.0	76.75852	50.556496	203.89949	-9.315186	2182500	0.0	411.8542	-0.024403948	-52.9765	0.36533213	0.014333626	0.16488889	79.0	9551.73943400383	0.61777776	0.11111111	0.049057495	0.1630164	0.0010495873	1.6453377	3.1388125	0.005438907	0.52372724	0.9991151	0.001731258	0.08643085	0.35957775	0.005461708
97	225.55548	38.67824	310.9254	117.18107	50.0	76.25382	50.43782	205.05289	-17.970655	2205000	1.7881394e-08	427.80487	-0.023371667	-44.944687	0.35641736	0.012208483	0.15595555	79.0	9652.026293754578	0.61333334	0.11777778	0.04757159	0.15998076	0.0019078124	1.5883024	3.139993	0.010301937	0.5055724	0.9994908	0.0032792084	0.081731796	0.2591121	0.009806735
98	225.92847	38.582573	310.2124	125.57948	50.0	77.77898	50.77579	205.79897	-17.40276	2227500	0.0	461.79648	-0.024049025	-46.769325	0.3531332	0.011668619	0.15177777	79.0	9752.781218528748	0.55777776	0.10888889	0.050530832	0.15310183	0.0018112408	1.5110273	3.141065	0.010890265	0.48097485	0.99983203	0.003466479	0.08859209	0.38376784	0.005335322
99	225.18224	39.798367	302.17905	103.71333	50.0	76.02833	50.316	206.53726	-21.727856	2250000	-1.4156103e-08	435.4586	-0.022734847	-49.353443	0.3481211	0.011192891	0.14955556	79.0	9857.528231620789	0.58	0.11777778	0.049597684	0.15985245	0.00095727533	1.6058377	3.1402001	0.012926981	0.511154	0.9995567	0.0041147857	0.08683648	0.2710368	0.0073597133
100	226.65834	37.298515	310.38684	117.038025	50.0	76.574715	51.426918	207.71352	-16.309261	2272500	0.0	448.32587	-0.00025351837	-54.464775	0.3443276	0.016747853	0.22773333	2.0	9956.521611452103	0.5911111	0.10888889	0.049288593	0.156589	0.0015764385	1.5798893	3.139172	0.0037519448	0.50289434	0.9992295	0.0011942812	0.085883625	0.30047902	0.0066034496
101	226.40465	38.953526	309.1288	95.546646	50.0	74.99666	50.105545	208.23773	-17.278881	2295000	1.7881394e-08	438.49493	-0.02359703	-53.906364	0.3444094	0.012553063	0.15884444	79.0	10056.741124629974	0.5711111	0.12222222	0.047190078	0.16267595	0.0023467399	1.5889595	3.1386576	0.01692287	0.50578153	0.99906576	0.0053867167	0.08106705	0.24918124	0.0053411657
102	228.78693	38.43105	311.1622	114.88003	50.0	76.56958	51.03888	208.95708	-14.036512	2317500	2.9802323e-09	444.53418	-0.02282633	-45.68411	0.33744007	0.010881653	0.14244445	79.0	10157.046050071716	0.62666667	0.13555555	0.045980833	0.15834865	0.0025771612	1.5873483	3.139554	0.0076517495	0.5052687	0.9993511	0.0024356276	0.08208288	0.27285877	0.009705831
103	228.66447	40.233593	314.61188	112.82321	50.0	77.8565	50.86461	209.66153	-39.61848	2340000	-1.1920929e-08	436.82147	-0.023787275	-56.463673	0.33532894	0.011876406	0.1528	79.0	10253.82985329628	0.6244444	0.12	0.045983072	0.15696543	0.0016936256	1.5572135	3.140412	0.0056917346	0.4956765	0.9996242	0.0018117354	0.08162959	0.2647784	0.0034920068
104	231.10983	39.775513	313.81436	115.74457	50.0	77.84419	52.59828	210.42322	-18.046349	2362500	-2.2351743e-09	428.6534	-0.022179892	-50.808125	0.32977214	0.010898891	0.14715555	79.0	10355.18940114975	0.60444444	0.104444444	0.046242107	0.16816728	0.0013825478	1.5691721	3.1404247	0.01037646	0.49948302	0.9996282	0.0033029297	0.0841087	0.42316252	0.006769025
105	229.52014	38.2673	320.34088	123.03138	50.0	77.80931	51.655605	211.30585	-11.855955	2385000	2.9802322e-08	414.0384	-0.023500571	-47.65169	0.32883328	0.011084106	0.15373333	79.0	10455.676696538925	0.6066667	0.13333334	0.045686305	0.15619357	0.0013637639	1.5395337	3.1360292	0.021086587	0.49004883	0.9982291	0.0067120693	0.08155144	0.25711513	0.010736706
106	228.59337	38.692734	314.75278	123.62589	50.0	76.830475	51.59341	212.6406	-8.795419	2407500	2.2351742e-08	390.6463	-0.02330886	-47.953724	0.3238085	0.011949717	0.15293333	79.0	10568.634217500687	0.59555554	0.09777778	0.04419386	0.16004333	0.0033125598	1.5317699	3.1413827	0.005764874	0.48757753	0.9999332	0.0018350164	0.07982671	0.26375458	0.008495639
107	227.42152	38.829876	314.25763	122.537025	50.0	74.83861	52.017933	213.40094	-17.708744	2430000	8.940697e-09	400.41364	-0.024852835	-61.309883	0.3201064	0.012359908	0.15888889	79.0	10668.07152748108	0.58666664	0.08444444	0.045443527	0.16121525	0.002366635	1.6466811	3.1397853	0.009714793	0.5241549	0.9994247	0.0030923148	0.08281733	0.31200212	0.007104374
108	230.0533	37.71462	316.96393	117.60731	50.0	78.509224	52.328556	214.27068	-9.150358	2452500	-1.1175871e-08	415.6417	-0.023816442	-52.25414	0.31219506	0.011246373	0.16679999	79.0	10768.690197706223	0.6333333	0.11111111	0.044425268	0.16432644	0.00061255106	1.6079373	3.1411836	0.005880326	0.5118223	0.9998698	0.0018717658	0.081073865	0.2864754	0.005514543
109	228.79326	37.483437	312.54697	109.2389	50.0	75.880035	51.069893	214.76276	-14.46418	2475000	5.2154063e-09	417.22852	-0.022941774	-49.186714	0.30856222	0.010806747	0.14879999	79.0	10871.113758087158	0.64666665	0.093333334	0.04361055	0.15940675	0.0025357201	1.6538018	3.1363966	0.025878176	0.5264215	0.99834603	0.008237279	0.07986764	0.2658127	0.0075090383
110	231.0191	37.770466	309.00183	125.968544	50.0	77.47728	51.2539	215.76018	-9.044625	2497500	8.940697e-09	421.375	-0.022740865	-61.02433	0.30524135	0.01123816	0.1488889	79.0	10972.592992067337	0.57555556	0.10222222	0.042776424	0.15661609	0.0017735426	1.5690314	3.134449	0.014003311	0.49943817	0.9977261	0.0044573923	0.0781722	0.2504904	0.0052749105
111	230.55836	37.72216	316.38693	133.742	50.0	78.06861	52.215332	216.06921	-6.8188705	2520000	7.4505807e-10	402.08124	-0.02366935	-44.43882	0.30005676	0.013238126	0.15777777	79.0	11073.16955947876	0.5933333	0.10222222	0.044414222	0.1587549	0.003717037	1.5154063	3.1348705	0.017632846	0.4823688	0.99786025	0.005612709	0.08224505	0.29916337	0.011261402
112	230.59538	36.741245	310.28772	115.39947	50.0	74.82396	52.36903	217.11072	-9.712025	2542500	-3.2782555e-08	369.1701	-0.023067787	-49.69119	0.29212588	0.012048485	0.16791113	79.0	11169.723563432693	0.64666665	0.09555556	0.041221745	0.15668058	0.0009078048	1.6483694	3.1412654	0.03501025	0.52469224	0.9998958	0.011144108	0.07794785	0.32503763	0.0055503226
113	229.67706	39.877323	314.5941	112.57027	50.0	76.8192	52.745857	218.06593	-19.631535	2565000	-5.9604646e-09	405.0846	-0.023302816	-46.85302	0.2864841	0.011448255	0.15182222	79.0	11269.149937152863	0.6	0.12	0.042886555	0.15808524	0.00063503016	1.623495	3.1413162	0.030864544	0.51677454	0.999912	0.009824489	0.07802625	0.29023427	0.0045528985
114	231.90277	38.284348	309.5702	125.72299	50.0	77.46543	52.72533	218.84047	-16.297005	2587500	-7.0780515e-09	413.96625	-0.023126174	-46.490932	0.28148538	0.01273184	0.15413333	79.0	11368.490800857544	0.6311111	0.12222222	0.04075082	0.15538925	0.0022581795	1.6046573	3.138766	0.008751945	0.5107783	0.99910027	0.0027858305	0.07406768	0.27087742	0.0075333957
115	232.8376	37.63123	314.5051	128.98293	50.0	78.65471	52.525856	219.43944	-15.826056	2610000	-1.4901161e-08	404.43314	-0.0240126	-42.84246	0.2762119	0.012530766	0.15173332	79.0	11473.927850961685	0.64666665	0.13555555	0.041170593	0.15947674	0.0010711189	1.5579191	3.1410139	0.03827285	0.49590102	0.99981576	0.012182626	0.07716044	0.27880672	0.008134384
116	232.91786	38.02291	316.3243	129.93216	50.0	77.85949	53.25106	219.70068	-12.5978985	2632500	5.9604646e-09	386.0238	-0.023709115	-38.082245	0.2721983	0.013218017	0.16706666	79.0	11579.553064107895	0.5888889	0.09777778	0.04125244	0.15945631	0.0015061588	1.5910523	3.1335974	0.008591709	0.5064477	0.99745506	0.002734826	0.07649848	0.28757086	0.011414967
117	235.25009	37.29959	318.65173	130.4087	50.0	78.4794	53.09252	219.73471	-10.771495	2655000	1.8626451e-08	373.94507	-0.023189027	-41.595314	0.26778096	0.013277019	0.16800001	79.0	11681.915422916412	0.62222224	0.15111111	0.040529538	0.1577011	0.0017868995	1.4665093	3.1408927	0.0010219774	0.46680441	0.9997772	0.0003253055	0.07602295	0.26939186	0.0038388576
118	233.40187	35.694057	313.715	133.98004	50.0	78.253235	52.900864	221.0225	-10.890295	2677500	-1.3411045e-08	357.31104	-0.022733673	-40.324776	0.26343608	0.011255409	0.14693335	79.0	11783.69236421585	0.6111111	0.09111111	0.038860414	0.15934923	0.0013467119	1.6270144	3.1321683	0.010743417	0.5178948	0.99700016	0.0034197357	0.0724998	0.36636895	0.006408497
119	232.24677	36.41877	313.6605	122.109505	50.0	77.131004	51.947636	221.46803	-9.262658	2700000	-4.4703485e-09	410.921	-0.023613032	-49.33671	0.26175874	0.01200855	0.15666667	79.0	11892.06637597084	0.66444445	0.115555555	0.038182553	0.15165879	0.001427082	1.6106534	3.1359286	0.004077621	0.5126869	0.9981971	0.001297947	0.07133189	0.27344635	0.0067386376
120	233.25734	34.712505	307.888	127.308044	50.0	75.70435	52.24291	222.60118	-13.627348	2722500	-3.3527612e-09	341.298	-0.024306938	-39.571022	0.25833806	0.012352778	0.16253333	79.0	11992.981573820114	0.68222225	0.09555556	0.036703788	0.16249202	0.0018015746	1.6671764	3.1344402	0.015753513	0.5306787	0.9977233	0.005014499	0.07100608	0.33067077	0.003006195
121	233.69073	34.802303	316.00797	135.2704	50.0	78.71511	52.863876	223.23398	-4.461706	2745000	-2.1234154e-08	373.5202	-0.023143915	-53.06377	0.25240368	0.012128195	0.15239999	79.0	12096.812529563904	0.6844444	0.11777778	0.038468536	0.16089362	0.0005144502	1.6613	3.1404448	0.014028583	0.5288082	0.9996346	0.0044654366	0.07593348	0.28047204	0.0076374435
122	236.13416	36.11538	317.51486	126.167595	50.0	80.61412	53.177044	223.89008	-2.2560325	2767500	-2.0116568e-08	390.8483	-0.023486713	-51.206432	0.24625447	0.011020436	0.15911111	79.0	12194.918024301529	0.6533333	0.12666667	0.038155068	0.15424244	0.0005458248	1.5562115	3.140149	0.013456953	0.49535745	0.99954045	0.0042834813	0.07171379	0.25413612	0.0029648077
123	237.66928	35.2463	319.95566	136.25269	50.0	78.47415	53.397556	223.97533	-0.21402979	2790000	-7.450581e-09	361.30847	-0.02231101	-42.291206	0.2414991	0.013174647	0.16102222	79.0	12299.633672475815	0.66444445	0.09555556	0.03748558	0.15133785	0.0034315512	1.5268736	3.137351	0.024193887	0.48601902	0.9986499	0.0077011534	0.072600596	0.28846008	0.0054565268
124	231.70442	35.29117	312.27835	129.25008	50.0	76.33812	52.7645	224.40381	-9.1700945	2812500	-2.1606684e-08	355.11392	-0.022486636	-46.956264	0.2352958	0.013598079	0.15426667	79.0	12398.475959300995	0.63555557	0.09777778	0.03888876	0.15142731	0.0012739219	1.6511902	3.1409876	0.0043695834	0.5255902	0.99980736	0.0013908816	0.07331243	0.24683006	0.0035194745
125	237.59581	37.70987	313.68665	113.47115	50.0	79.60061	53.83095	224.55864	-11.742246	2835000	1.1920929e-08	357.997	-0.022555193	-56.632957	0.23077044	0.0115455	0.14817779	79.0	12499.438075065613	0.6377778	0.13111112	0.035846747	0.15335032	0.0014122899	1.5481124	3.1225479	0.015832514	0.49277946	0.99393785	0.005039646	0.069563635	0.26277387	0.008981949
126	236.4927	34.746937	319.51016	152.36136	50.0	78.86542	54.600822	226.20425	-11.530685	2857500	-5.2154063e-09	337.02734	-0.021636996	-45.242725	0.22716007	0.010421482	0.15786667	79.0	12598.120676994324	0.6511111	0.086666666	0.03623599	0.15286268	0.001212533	1.6402354	3.1307962	0.009564196	0.5221032	0.9965634	0.003044378	0.06932338	0.23068166	0.008096112
127	234.29167	36.083298	321.16342	130.56847	50.0	77.85257	53.028885	226.36751	-8.838872	2880000	-1.3411045e-08	363.81158	-0.022490805	-41.467644	0.22193205	0.010693923	0.14986667	79.0	12702.009182691574	0.6377778	0.11333334	0.035568424	0.15999974	0.001538073	1.6485181	3.1366196	0.026176313	0.5247397	0.998417	0.008332179	0.06846059	0.2734068	0.0058832504
128	239.04184	35.13262	317.92844	133.97842	50.0	81.140144	54.25641	226.03258	-11.0702305	2902500	1.4901161e-09	355.21283	-0.021893498	-40.322163	0.21789756	0.013216305	0.15742223	79.0	12804.381492853165	0.6533333	0.13333334	0.037413016	0.15494774	0.0016701914	1.5103585	3.1394606	0.0040731328	0.48076206	0.99932134	0.0012965184	0.07125958	0.27688336	0.003818467
129	234.9774	37.12875	315.48398	135.69756	50.0	78.979706	53.417572	227.6142	-7.9129457	2925000	1.7881394e-08	360.46762	-0.022592613	-54.406364	0.21540956	0.012854999	0.1636	79.0	12904.955646753311	0.62666667	0.1	0.036714204	0.16046013	0.0015307599	1.6361219	3.1362293	0.01474056	0.52079374	0.99829274	0.004692066	0.06954656	0.25294226	0.00533841
130	235.42552	36.94419	315.5035	115.50002	50.0	78.57304	53.261177	228.85387	-20.47315	2947500	1.4901161e-08	351.77362	-0.02284059	-40.67405	0.21241741	0.010954403	0.14288887	79.0	13007.122573375702	0.6488889	0.11333334	0.035676748	0.1614807	0.0012313692	1.6274168	3.140099	0.0008656067	0.5180229	0.9995246	0.00027553117	0.06810474	0.2517315	0.00701706
131	238.35156	35.77248	318.96964	119.07199	50.0	79.57363	54.195545	228.4204	-15.495134	2970000	2.2351743e-09	352.8895	-0.023574451	-52.60951	0.2090689	0.012263374	0.15657778	79.0	13111.150465011597	0.60444444	0.09111111	0.035279572	0.15878917	0.0021842986	1.5614529	3.1401355	0.0145060755	0.49702594	0.99953616	0.0046174275	0.06834206	0.23377942	0.005711101
132	236.6653	35.402527	305.91092	140.25891	50.0	78.15063	54.00256	229.52068	-12.300493	2992500	7.450581e-09	334.13242	-0.022793932	-54.475597	0.20605707	0.013225442	0.1647111	79.0	13210.827483177185	0.61333334	0.08222222	0.03336514	0.16051857	0.000995401	1.647687	3.1381586	0.0074408487	0.52447504	0.9989069	0.0023684958	0.06969832	0.30049878	0.003500845
133	240.49423	36.12815	312.97137	124.23752	50.0	80.00714	55.467556	229.32323	-16.039993	3015000	1.5646219e-08	324.93726	-0.02271802	-43.996803	0.19944604	0.010131446	0.14715555	79.0	13309.97524189949	0.67333335	0.14	0.033711657	0.15651935	0.0006634989	1.5558574	3.1355684	0.012229127	0.49524474	0.9980824	0.003892652	0.06641663	0.26364312	0.009335203
134	239.43695	33.804893	314.09125	142.58687	50.0	79.0317	54.52845	230.00784	-7.3856697	3037500	-5.2154063e-09	340.96017	-0.02228724	-49.92347	0.19613917	0.012234691	0.18297778	79.0	13416.698489189148	0.6533333	0.10222222	0.033822756	0.15616105	0.0005643006	1.5731646	3.1350856	0.019316759	0.5007539	0.99792874	0.0061487155	0.06644087	0.2386319	0.0030520863
135	234.76768	35.411907	327.73914	132.69994	50.0	78.84218	53.999954	230.38196	-4.972877	3060000	-8.940697e-09	345.46085	-0.02278043	-46.73745	0.19184749	0.012470963	0.14911112	79.0	13516.615904808044	0.63555557	0.12444445	0.033403434	0.15251541	0.0015534869	1.6205642	3.1375053	0.009070983	0.51584166	0.99869895	0.0028873838	0.0658826	0.23894776	0.00478132
136	239.89368	35.909794	318.82114	125.77213	50.0	78.51953	53.953808	228.97919	-22.135864	3082500	-1.9371509e-08	348.72397	-0.022409499	-43.4921	0.18702933	0.011749097	0.14924446	79.0	13617.325001478195	0.6844444	0.10888889	0.033382997	0.15197706	0.00034285983	1.6116002	3.1352878	0.014289774	0.51298827	0.99799305	0.0045485767	0.06498782	0.24487832	0.002940879
137	242.30608	35.304867	324.58453	133.07173	50.0	80.28901	55.12777	230.5899	-17.62061	3105000	-4.842877e-09	315.36835	-0.023391217	-37.34236	0.18326491	0.0132228825	0.16080001	79.0	13714.500631809235	0.68	0.10888889	0.032366198	0.15527102	0.0014692172	1.5687966	3.1311975	0.011726612	0.4993635	0.9966911	0.0037326966	0.064365715	0.2758621	0.00673139
138	240.03621	35.908737	319.576	120.45976	50.0	79.255486	54.396004	230.98463	-5.0624256	3127500	-1.899898e-08	317.68124	-0.023054168	-36.979668	0.1794351	0.014070963	0.16217777	79.0	13816.554120063782	0.6711111	0.10888889	0.03133598	0.1540574	0.0008951405	1.5938157	3.1382916	0.0065175914	0.50732726	0.9989492	0.0020746137	0.06316172	0.2687402	0.005413244
139	240.49017	36.549072	320.61636	121.80144	50.0	81.809654	55.243805	231.30646	-12.956248	3150000	-6.3329937e-09	371.61115	-0.02197595	-45.639717	0.1749104	0.011201734	0.15702221	79.0	13922.753324508667	0.6666667	0.11777778	0.034051273	0.16011742	0.0016763924	1.5188136	3.1372142	0.03293613	0.4834534	0.99860626	0.010483895	0.06520195	0.29258326	0.0046269926
140	237.3498	35.164635	313.07336	121.73534	50.0	78.284386	53.708576	231.71407	-25.014748	3172500	-5.9604646e-09	397.30527	-0.021785077	-55.886314	0.1696578	0.012776032	0.16591111	79.0	14020.759194135666	0.6533333	0.09555556	0.034545105	0.1597018	0.0013483941	1.5794873	3.1393104	0.018853692	0.50276643	0.99927354	0.0060013165	0.06567804	0.3051902	0.00661135
141	241.20885	35.891834	318.73428	112.5941	50.0	79.34042	54.31606	230.44632	-27.257597	3195000	1.8626451e-08	376.9149	-0.02208015	-49.253063	0.1673595	0.013664332	0.16573334	79.0	14124.040637254715	0.6333333	0.12888889	0.03306166	0.1619731	0.0023825432	1.5029228	3.1366315	0.04584159	0.47839522	0.99842083	0.014591831	0.06686096	0.2809713	0.0079999175
142	237.84149	35.41081	309.75204	116.71291	50.0	79.19609	54.623554	232.00865	-32.077934	3217500	0.0	331.8036	-0.022623312	-35.580437	0.16501239	0.011828056	0.1564	79.0	14219.788619279861	0.6577778	0.10666667	0.033889234	0.1575391	0.0015744674	1.6129327	3.141342	0.00910263	0.51341236	0.9999202	0.0028974575	0.067366876	0.28818494	0.009182119
143	240.39238	36.1086	310.79367	126.00387	50.0	79.83525	54.606056	231.74234	-13.177513	3240000	2.5331975e-08	353.59103	-0.02405147	-35.176224	0.1611727	0.012582672	0.16373333	79.0	14321.302474737167	0.68	0.12666667	0.032982342	0.1571498	0.001272101	1.5233606	3.138864	0.020259993	0.4849007	0.99913144	0.006448956	0.06423324	0.25074103	0.006369386
144	238.97806	36.770542	313.18637	101.87749	50.0	78.51123	54.256413	231.91621	-22.090153	3262500	-2.2351743e-09	392.48676	-0.022295536	-56.788673	0.1546431	0.012821993	0.16515556	79.0	14425.106046915054	0.6711111	0.11777778	0.034030456	0.15782048	0.00072863285	1.5163532	3.1407974	0.010686306	0.48267022	0.99974686	0.003401557	0.06546118	0.3031028	0.0053836876
145	240.56119	36.391727	315.68637	123.87569	50.0	79.2896	54.544716	231.54613	-20.262484	3285000	-1.0430813e-08	387.65817	-0.02176188	-56.58911	0.15169638	0.013708363	0.1532	79.0	14528.311490058899	0.66888887	0.11333334	0.03322954	0.15652087	0.0015010051	1.5334445	3.1414564	0.041921657	0.48811048	0.9999566	0.013344077	0.064727694	0.2737396	0.011361807
146	239.6596	35.633797	321.91	136.16293	50.0	77.66172	54.487984	233.11157	-31.404142	3307500	1.6391278e-08	369.26685	-0.022527447	-54.433575	0.15176603	0.012855579	0.15031111	79.0	14625.3486328125	0.6288889	0.11111111	0.029399242	0.16010948	0.00097584014	1.5884535	3.1396356	0.014950441	0.50562036	0.9993771	0.0047588735	0.06322293	0.32860348	0.0037808795
147	242.4892	35.514378	316.25247	158.90482	50.0	79.33613	55.177776	232.76418	-11.859198	3330000	1.8440186e-08	339.0752	-0.021739885	-43.866543	0.15281919	0.013464791	0.17266667	79.0	14728.335309267044	0.58666664	0.09555556	0.031577528	0.15362032	0.0014178539	1.5404538	3.1404402	0.058773108	0.49034166	0.9996332	0.018708061	0.06390272	0.2690817	0.0039863833
148	242.61858	35.99245	316.67505	129.04288	50.0	79.560326	56.043514	234.17801	-30.864424	3352500	-8.940697e-09	351.83926	-0.022888532	-41.230946	0.14712425	0.01337257	0.15564445	79.0	14826.5355052948	0.66444445	0.115555555	0.031550426	0.15781227	0.0012123749	1.5554289	3.1370606	0.030641899	0.49510843	0.9985574	0.009753619	0.06526402	0.4758333	0.005952893
149	239.53705	35.394188	318.81757	141.06897	50.0	79.54324	54.20056	232.23515	-8.490543	3375000	-2.272427e-08	334.75723	-0.02148505	-41.393425	0.14444652	0.013976596	0.14902222	79.0	14927.010132789612	0.63555557	0.11777778	0.032878786	0.15969343	0.0013450729	1.5265146	3.1339364	0.0033414816	0.48590466	0.99756294	0.0010636266	0.06469643	0.2248179	0.0063117044
150	241.07236	35.310406	325.75232	138.75093	50.0	78.0381	54.51554	232.86716	-18.431482	3397500	-1.3411045e-08	334.7084	-0.000665888	-40.57218	0.14020577	0.016530046	0.2307111	2.0	15023.942509889603	0.6755555	0.11111111	0.030367823	0.15334308	0.00036676848	1.5855111	3.1415749	0.005808936	0.50468385	0.99999434	0.0018490418	0.05951956	0.27625698	0.0047561894
151	241.6554	36.66242	316.9778	122.72285	50.0	79.8149	55.85087	234.41881	-26.870953	3420000	-1.3411045e-08	393.18552	-0.021254668	-55.926617	0.14005752	0.010500788	0.15004444	79.0	15123.59837937355	0.67333335	0.13777778	0.03416972	0.15749317	0.0007130497	1.5491127	3.1364253	0.006711071	0.4930979	0.99835515	0.0021362002	0.066686824	0.29739913	0.0030802563
152	239.77951	36.83295	319.79785	131.70091	50.0	79.216675	54.805374	233.99472	-24.763346	3442500	-1.1175871e-08	347.5788	-0.021991372	-45.85244	0.13607197	0.012808973	0.16897777	79.0	15223.742352247238	0.66	0.11111111	0.033149112	0.15568039	0.00017786918	1.5772882	3.137887	0.029577598	0.50206643	0.9988205	0.009414841	0.063797854	0.24679756	0.0024203777
153	244.8198	35.708057	322.74744	128.6715	50.0	77.92014	55.19191	234.65439	-19.876684	3465000	-3.054738e-08	363.5594	-0.022957556	-51.663124	0.13015573	0.013825806	0.15622222	79.0	15322.630912780762	0.6888889	0.10888889	0.030607557	0.16009068	0.0014847664	1.5281955	3.141258	0.009200622	0.48643976	0.9998935	0.002928649	0.059405543	0.26440144	0.004866098
154	241.71925	36.20224	325.3781	136.4661	50.0	81.12873	55.81381	235.20673	-17.627817	3487500	-1.2665987e-08	346.02307	-0.02397189	-47.879864	0.123975374	0.011978365	0.15613334	79.0	15418.748378753662	0.7	0.12222222	0.033176918	0.15737627	0.00085722667	1.5786746	3.1371138	0.038420137	0.50250775	0.9985743	0.01222951	0.06437987	0.29467812	0.005001281
155	240.87546	35.740623	326.57846	130.293	50.0	78.63341	55.239315	235.63405	-17.839804	3510000	-1.2665987e-08	327.53583	-0.02272205	-49.968548	0.12259941	0.0136416955	0.14577778	79.0	15523.113792419434	0.6933333	0.10666667	0.031924706	0.16163892	0.0019204083	1.6035701	3.1312718	0.020350689	0.51043224	0.9967148	0.006477826	0.06225917	0.2721184	0.0070512285
156	244.69167	35.043022	316.7727	119.46733	50.0	81.435394	55.931454	236.37207	-19.150324	3532500	7.450581e-09	341.07333	-0.022603448	-44.053368	0.11933607	0.011338672	0.15533333	79.0	15628.346868038177	0.67777777	0.12888889	0.03164159	0.1620825	0.0015422745	1.5691147	3.1377728	0.016310588	0.49946472	0.99878407	0.005191821	0.060549513	0.2522472	0.004890244
157	243.41219	36.072735	323.89337	144.72374	50.0	80.50751	55.91404	234.47803	-23.206055	3555000	1.5646219e-08	341.8263	-0.022373151	-46.353546	0.11259015	0.015197684	0.18062222	74.0	15730.541840553284	0.6844444	0.12444445	0.03272696	0.15997478	0.00053564186	1.5429409	3.1408038	0.036033057	0.49113327	0.9997489	0.011469678	0.0647641	0.24715704	0.005313239
158	240.42705	36.697918	326.00076	115.751724	50.0	79.876884	55.65082	233.3557	-26.749046	3577500	1.1920929e-08	374.46753	-0.022761129	-64.98079	0.10488403	0.014428111	0.16591111	79.0	15832.48757982254	0.7133333	0.12222222	0.033982664	0.1609251	0.00020100594	1.5757335	3.1375453	0.019357422	0.5015716	0.9987117	0.0061616586	0.06614521	0.28224412	0.0037247082
159	244.71317	35.88114	314.63614	123.732346	50.0	79.10669	55.434326	235.2109	-17.58882	3600000	7.4505807e-10	349.69318	-0.022633573	-51.82937	0.10167947	0.010265134	0.16426668	79.0	15932.877145767212	0.7222222	0.14444445	0.030694533	0.15261777	0.0012012047	1.5445291	3.1394253	0.017059654	0.4916389	0.99931014	0.005430257	0.060645033	0.38171175	0.006949061
160	243.6665	33.971172	320.59906	122.72633	50.0	80.61463	55.24987	236.55594	-21.715881	3622500	-1.3411045e-08	352.8541	-0.021464204	-41.221657	0.0964379	0.012127379	0.15844445	79.0	16034.989997386932	0.7	0.14	0.03181592	0.16005625	0.0014490174	1.5312117	3.1386123	0.0137911765	0.48739976	0.9990513	0.0043898677	0.06273637	0.3275296	0.0054020393
161	244.87123	35.171314	327.35428	134.5276	50.0	80.31002	54.575745	235.20569	-11.544769	3645000	9.685754e-09	343.67847	-0.022635886	-48.478386	0.09286042	0.013239475	0.15013334	79.0	16133.64940905571	0.72888887	0.13111112	0.030427415	0.15162326	0.0011249039	1.5712703	3.138486	0.0067411237	0.5001509	0.9990111	0.0021457663	0.05922063	0.239323	0.0066653243
162	242.70158	35.85504	321.36612	125.94564	50.0	79.558235	55.68375	237.77156	-16.711784	3667500	-3.7252903e-09	312.7022	-0.02279294	-36.983562	0.089377806	0.013580459	0.15551111	79.0	16231.640671014786	0.7266667	0.104444444	0.030372903	0.15446445	0.0019569723	1.5599905	3.1360073	0.0069899717	0.4965604	0.9982221	0.0022249771	0.059726927	0.24164021	0.0026587893
163	244.07797	35.341846	320.507	122.04909	50.0	80.76556	56.046448	238.10458	0.20676899	3690000	-2.9802323e-09	380.01764	-0.022957543	-51.399067	0.08773592	0.013838771	0.16115555	79.0	16328.647486925125	0.7	0.12666667	0.032012872	0.16003625	0.00075308146	1.5134912	3.135099	0.023426205	0.48175916	0.99793303	0.0074567925	0.06295345	0.29358506	0.0034238643
164	244.1943	36.480602	321.4866	129.39627	50.0	78.677315	54.538616	237.11879	-20.538956	3712500	-2.30968e-08	354.67914	-0.022418113	-40.355804	0.08297458	0.013814947	0.15537778	79.0	16424.5968003273	0.66888887	0.12444445	0.03077371	0.1578495	0.00066080724	1.5570648	3.1389897	0.0036028677	0.49562907	0.99917144	0.0011468284	0.061359376	0.25566062	0.0073040235
165	246.59068	34.848846	318.22943	129.18948	50.0	80.85922	56.401855	237.07593	-13.309643	3735000	-1.6391278e-08	329.7605	-0.022990245	-42.243996	0.076235294	0.015389535	0.16448888	75.0	16524.075127601624	0.6577778	0.13555555	0.02742371	0.1599187	0.0010982397	1.5077692	3.1415763	0.049165953	0.47993785	0.9999948	0.01565001	0.057545695	0.25955713	0.0046397685
166	245.62372	34.458416	324.97696	130.69203	50.0	80.882256	55.633125	236.90169	-21.925947	3757500	-9.685754e-09	317.62296	-0.023171086	-34.976173	0.07322885	0.011540616	0.14533333	79.0	16621.5595266819	0.7111111	0.13333334	0.027800824	0.16068712	0.0008051519	1.5794086	3.1371078	0.010856298	0.50274146	0.9985724	0.0034556668	0.05760048	0.2215336	0.0047918716
167	247.87051	33.59273	322.12137	159.55707	50.0	82.59322	55.85677	238.17886	-4.600519	3780000	2.5518238e-08	309.45346	-0.021762315	-34.697136	0.069468185	0.012160765	0.15217778	79.0	16721.748009443283	0.7111111	0.12444445	0.027818846	0.15842581	0.0011581167	1.5101416	3.114884	0.039203174	0.480693	0.99149835	0.012478759	0.058565572	0.31536505	0.0069148047
168	246.29388	35.839443	324.20163	125.96059	50.0	82.01929	55.442898	237.20721	-12.324963	3802500	2.0861625e-08	324.12543	-0.021603387	-36.912506	0.061623387	0.011649091	0.1456	79.0	16821.825219869614	0.72888887	0.14666666	0.02748413	0.15229484	0.0017603558	1.4980118	3.1244574	0.023602031	0.476832	0.99454564	0.00751276	0.053355	0.24616301	0.005087601
169	249.29385	34.3477	330.32544	140.5797	50.0	80.69984	56.92409	237.90938	-23.272625	3825000	-1.7136335e-08	308.35297	-0.022055324	-35.019287	0.057118844	0.013346037	0.16982222	79.0	16926.65264773369	0.73333335	0.13777778	0.026474874	0.16249026	0.0007807173	1.522187	3.1166396	0.023810625	0.48452714	0.9920572	0.0075791576	0.05375491	0.3169558	0.005366496
170	244.41096	35.13603	326.63855	127.88576	50.0	82.15336	55.60955	238.95592	-5.924905	3847500	4.4703485e-09	316.57236	-0.020390555	-36.2973	0.05357089	0.015615897	0.17573333	72.0	17027.553520202637	0.74222225	0.14	0.02766089	0.15352295	0.00040462386	1.5581659	3.1366854	0.0019733733	0.4959796	0.998438	0.00062814425	0.05392237	0.268159	0.0067153
171	248.61348	36.53331	323.37347	127.5986	50.0	80.850914	55.708477	239.08183	-14.228275	3870000	1.7881394e-08	346.81668	-0.022916738	-38.86413	0.049590796	0.011632774	0.1579111	79.0	17125.833617448807	0.6888889	0.13111112	0.02785594	0.15426807	0.001684621	1.488243	3.140309	0.00961092	0.47372246	0.9995914	0.003059251	0.055681996	0.24755222	0.00474853
172	247.71901	34.54995	327.7157	139.16199	50.0	82.32706	56.42483	239.97647	-23.90852	3892500	-7.450581e-09	319.72772	-0.022111263	-45.289772	0.04682477	0.013076218	0.16844444	79.0	17230.38501238823	0.74	0.16	0.026342418	0.15062289	0.0020597884	1.4729054	3.1379519	0.030584937	0.4688404	0.9988411	0.009735487	0.05312753	0.23419994	0.004050771
173	247.05965	34.774082	318.14752	124.49463	50.0	82.66043	55.637447	239.63927	-10.760647	3915000	-1.0430813e-08	324.5546	-0.022579376	-38.244396	0.041959204	0.01248694	0.15644445	79.0	17329.802255630493	0.73777777	0.15333334	0.027294308	0.15687568	0.0027733564	1.4774183	3.1248965	0.0056225923	0.47027683	0.9946855	0.0017897267	0.05343889	0.25065213	0.0059863185
174	249.00209	36.39247	322.61148	115.217766	50.0	82.8139	56.486233	239.85315	-15.255136	3937500	-4.4703485e-09	330.52197	-0.02288804	-39.319836	0.036674034	0.012151948	0.16031112	79.0	17436.858424186707	0.7022222	0.14222223	0.028640946	0.15492254	0.0017840065	1.4352957	3.141051	0.0058151297	0.45686877	0.9998276	0.0018510133	0.055264004	0.2805058	0.0074073225
175	249.92789	33.295216	329.2068	136.99586	50.0	82.72702	56.489204	237.29597	-14.169176	3960000	-5.9604646e-09	331.1587	-0.021233682	-35.574463	0.03320705	0.011040898	0.14893334	79.0	17539.57355618477	0.7133333	0.12666667	0.026396645	0.15879491	0.0016366906	1.4829416	3.1302342	0.009809429	0.472035	0.9963845	0.0031224382	0.053642344	0.24404953	0.0046136593
176	249.06053	33.491932	329.19653	135.7178	50.0	82.840515	56.125103	238.7605	-11.828619	3982500	1.4901161e-08	312.46692	-0.02198686	-37.887875	0.030127987	0.012309821	0.14662221	79.0	17640.96000432968	0.74444443	0.16444445	0.024440778	0.15513171	0.0010642388	1.4550211	3.1377244	0.012501584	0.46314758	0.9987687	0.003979378	0.050773796	0.2274402	0.0044749593
177	247.57509	33.98281	326.35223	129.27472	50.0	83.04863	55.718403	239.59416	-9.206305	4005000	3.7252903e-09	334.90372	-0.022327796	-56.31832	0.027010197	0.012626849	0.15337777	79.0	17740.29348731041	0.70666665	0.10222222	0.0266133	0.16381668	0.0008939181	1.4956428	3.1406138	0.00491673	0.47607788	0.99968845	0.0015650437	0.054278616	0.2912567	0.003917455
178	249.81946	34.806213	318.64056	119.32398	50.0	81.88674	56.807243	239.49095	-30.012718	4027500	5.6624412e-08	330.58624	-0.02274187	-47.151806	0.023051795	0.012435454	0.15631111	79.0	17839.99688744545	0.70444447	0.14888889	0.026161864	0.15486273	0.00029984282	1.5130279	3.1399252	0.012463784	0.4816117	0.9994692	0.0039673457	0.052642424	0.331935	0.0045549124
179	246.95416	35.981068	317.17612	125.16288	50.0	82.35678	55.932495	238.21196	-0.2945187	4050000	-3.1292437e-08	335.892	-0.021143153	-48.082916	0.016122837	0.015234086	0.17088889	78.0	17940.23091197014	0.7311111	0.12444445	0.02707708	0.15529875	0.0002974918	1.5225803	3.124744	0.024030773	0.48465237	0.9946369	0.0076492326	0.055135094	0.26416934	0.003637505
180	248.44444	34.762127	325.2507	137.15662	50.0	82.166885	56.383274	240.10406	-7.491665	4072500	-1.2665987e-08	318.87518	-0.020671543	-45.20384	0.009313693	0.01524591	0.16693333	71.0	18041.3123319149	0.74444443	0.13111112	0.025424052	0.15351096	0.0015159331	1.4947914	3.139156	0.006751707	0.47580686	0.9992244	0.002149135	0.04975467	0.24989288	0.006234587
181	249.92867	35.091682	319.97385	154.32146	50.0	82.76456	56.538406	240.00272	-6.996027	4095000	2.9802323e-09	290.00244	-0.021513391	-33.0879	0.0057814308	0.014984754	0.2	79.0	18138.74633383751	0.6755555	0.16	0.024388034	0.15996018	0.0014442236	1.4885696	3.1213894	0.020240843	0.47382647	0.9935691	0.0064428607	0.048678543	0.23107316	0.0053724507
182	247.34334	34.25203	325.2911	143.20132	50.0	81.92807	56.102688	240.4232	-0.55522823	4117500	3.054738e-08	309.02753	-0.0218128	-35.778374	0.0008147027	0.012086275	0.15346667	79.0	18238.110464811325	0.73333335	0.13333334	0.025644574	0.15136681	0.0010472838	1.530162	3.138809	0.039061893	0.4870657	0.9991139	0.012433786	0.050970823	0.2256533	0.0049586557
183	250.88892	33.162838	325.07245	145.25995	50.0	82.96229	56.389957	241.79033	-4.3352413	4140000	2.3841858e-08	292.121	-0.022118827	-34.548878	-0.0023551919	0.010710907	0.1568	79.0	18336.058920145035	0.74222225	0.16	0.023951365	0.1547668	0.0010315744	1.4332563	3.1351843	0.0071160924	0.45621967	0.99796015	0.0022651225	0.047370702	0.2669269	0.0033340415
184	249.17615	34.796684	326.44595	116.385124	50.0	82.82614	56.557175	240.31097	-13.824829	4162500	9.313226e-09	313.22818	-0.020648146	-43.12577	-0.0062983213	0.014631105	0.17071112	79.0	18435.614368200302	0.6844444	0.11333334	0.026821123	0.15384032	0.001291931	1.4865191	3.1303427	0.002906416	0.47317377	0.996419	0.000925141	0.051875643	0.25052994	0.0051590456
185	247.42787	33.53702	325.57275	132.98878	50.0	81.18947	55.566982	239.705	-25.925314	4185000	1.4901161e-09	340.44687	-0.02211617	-49.268776	-0.008612743	0.013314116	0.15444444	79.0	18534.889736890793	0.72888887	0.14444445	0.02689097	0.1608742	0.00050864014	1.4953578	3.1299276	0.009047864	0.47598714	0.9962869	0.0028800247	0.052486565	0.3127716	0.0055944286
186	249.69002	33.548122	329.7966	130.48486	50.0	81.890205	56.58849	241.16592	-32.52783	4207500	-4.4703485e-09	312.06583	6.208951e-05	-41.476753	-0.012329842	0.015096068	0.2192889	2.0	18633.83095574379	0.7311111	0.13555555	0.025685726	0.16206808	0.0013116251	1.4992741	3.1395133	0.016336696	0.47723374	0.9993381	0.005200132	0.05041744	0.25847736	0.0039379336
187	250.79195	34.996937	326.3015	127.876564	50.0	83.8647	56.749638	242.08841	-22.03667	4230000	-1.4901161e-08	299.78067	-0.020981405	-42.78711	-0.012378832	0.012026896	0.15093334	79.0	18732.62495326996	0.7177778	0.15111111	0.025069628	0.15620738	0.0010295676	1.4385102	3.1316047	0.014338501	0.457892	0.9968207	0.0045640864	0.049905106	0.27304953	0.0045943162
188	250.40865	32.16884	335.61032	150.78218	50.0	81.724976	56.958084	240.98366	-11.611772	4252500	-4.4703485e-09	312.97815	-0.022095282	-40.96226	-0.019539962	0.011038594	0.14622222	79.0	18830.723892211914	0.74	0.13333334	0.023826357	0.1543797	0.0012693293	1.4726018	3.1210032	0.0015588516	0.46874368	0.9934462	0.0004961979	0.049314857	0.24355476	0.004599038
189	247.54686	33.44457	318.72644	123.290436	50.0	82.24467	55.818214	240.74043	-5.956559	4275000	1.3411045e-08	321.9315	-0.020453762	-41.377228	-0.027035063	0.012603313	0.18253334	79.0	18928.582250118256	0.7222222	0.14666666	0.02515794	0.15156381	0.0010047267	1.5383182	3.1407907	0.0024739031	0.48966184	0.9997447	0.0007874678	0.05041013	0.23321064	0.0062937615
190	250.45454	32.55884	320.39508	148.04909	50.0	82.292534	56.48708	241.4666	-18.711796	4297500	7.450581e-09	287.56558	-0.020506155	-30.69032	-0.028831769	0.010937068	0.1471111	79.0	19026.49363899231	0.75777775	0.14	0.024209684	0.15648231	0.0008799825	1.556168	3.1402693	0.0024866336	0.49534366	0.9995788	0.00079152005	0.049199034	0.26064408	0.003656679
191	251.66402	33.503517	324.72086	152.54184	50.0	83.21014	56.259434	239.90918	-13.658612	4320000	2.9802323e-09	296.05194	-0.021632161	-41.297787	-0.031674694	0.015008226	0.1763111	77.0	19130.864320516586	0.7355555	0.14666666	0.023139542	0.15259545	0.00068875507	1.511741	3.1325984	0.012805407	0.4812021	0.99713707	0.004076088	0.046192434	0.22301657	0.005020634
192	251.95354	34.054897	326.27414	150.15872	50.0	82.46739	57.448566	240.92543	1.8339334	4342500	1.4901161e-08	300.896	-0.01977375	-36.17497	-0.030662168	0.0152790565	0.1608889	62.0	19227.88923883438	0.7733333	0.14	0.021295892	0.12880583	0.00034092017	1.5100176	3.1315172	0.007596406	0.48065355	0.9967929	0.0024180112	0.04597238	0.2052546	0.004772765
193	249.31715	33.90062	324.26254	127.52071	50.0	82.53531	55.86714	243.37683	-6.1088066	4365000	5.2154063e-09	296.4926	-0.020429995	-36.199223	-0.034882106	0.015175946	0.172	70.0	19324.71002650261	0.74222225	0.15777777	0.02374708	0.16001908	0.0008919328	1.5219326	3.1408892	0.019419946	0.4844462	0.99977607	0.0061815605	0.04872258	0.25283718	0.005170568
194	251.35483	32.169247	322.43323	143.55669	50.0	83.229	57.199764	241.70934	-17.61579	4387500	1.4901161e-09	304.53732	-0.021953981	-40.07145	-0.039760053	0.013376066	0.18466666	79.0	19423.56195306778	0.72444445	0.13555555	0.022304572	0.14710599	0.0013771262	1.5355713	3.1208844	0.023028824	0.48878753	0.9934084	0.0073303026	0.045252413	0.24792936	0.0055566155
195	251.37656	34.005753	330.20496	127.38986	50.0	83.51098	56.723457	242.73868	-7.180091	4410000	2.7939677e-08	333.61774	-0.020707462	-47.247402	-0.04392091	0.013378881	0.18506666	79.0	19522.146077871323	0.70666665	0.13555555	0.023572566	0.15567203	0.00074711815	1.484206	3.1407845	0.0033466474	0.4724374	0.9997428	0.001065271	0.0480594	0.29835123	0.0042506405
196	251.86266	32.75706	330.11914	136.77649	50.0	83.4674	56.684753	243.64143	-7.634756	4432500	-1.6391278e-08	314.88672	-0.02013769	-29.84631	-0.045853555	0.015103921	0.19017777	78.0	19622.34337592125	0.74222225	0.13333334	0.023357747	0.15947126	0.0010256204	1.5024561	3.1360207	0.023464376	0.47824666	0.9982264	0.007468943	0.047196828	0.27684855	0.0039949077
197	249.98593	34.82301	323.9097	137.42296	50.0	81.89565	56.460056	240.76292	-7.428477	4455000	1.6763806e-08	290.7693	0.00037726137	-39.661236	-0.04908286	0.016618708	0.24604444	4.0	19722.16348361969	0.71555555	0.15555556	0.02345922	0.15298468	0.0010921159	1.5033315	3.1283348	0.0153124025	0.47852525	0.9957799	0.004874089	0.04699976	0.25822672	0.0038325337
198	251.92657	32.41582	322.7078	147.30702	50.0	85.335686	57.309002	244.21384	-22.170904	4477500	-3.3527612e-09	308.90552	0.009393145	-48.54829	-0.04956072	0.016360873	0.27195555	1.0	19822.308411598206	0.7488889	0.15333334	0.023475604	0.15304963	0.0007662861	1.4733908	3.088853	0.004623701	0.4689949	0.9832124	0.0014717698	0.04723056	0.25435302	0.003600208
199	249.70636	32.614635	323.96506	160.08618	50.0	82.91009	55.939724	240.03696	-4.091774	4500000	3.8743018e-08	280.82465	-0.0011904924	-35.6798	-0.04972925	0.01590227	0.20773335	6.0	19923.457444667816	0.76	0.16	0.023877589	0.107854284	0.0005632179	1.4908618	3.1399646	0.027886935	0.47455603	0.99948174	0.008876687	0.044969216	0.25407904	0.0039858795
200	249.17851	34.736244	328.6224	116.74872	50.0	82.68312	56.042664	243.03629	-4.1475677	4522500	4.209578e-08	333.4622	0.0024435944	-40.33003	-0.05081855	0.01724777	0.24684444	3.0	20027.23006415367	0.74666667	0.13333334	0.024599317	0.16725372	0.0026217666	1.51226	3.137106	0.0035069685	0.4813673	0.9985718	0.0011163028	0.047309704	0.34952477	0.0068648877
201	254.02182	33.29507	327.45157	148.43892	50.0	84.07178	56.890987	243.01367	-3.8953137	4545000	-2.5331975e-08	284.5884	-0.020608863	-28.07223	-0.05136767	0.01282539	0.15893334	79.0	20128.29392528534	0.79555553	0.1711111	0.023703396	0.12007186	0.00034766286	1.4686661	3.134171	0.007457803	0.4674909	0.9976376	0.0023738923	0.045929518	0.21425544	0.0033147093
202	249.76802	35.399643	322.5094	130.243	50.0	82.94532	56.13888	243.67853	-8.197102	4567500	2.0116568e-08	333.7304	-0.020219188	-34.445683	-0.05799654	0.015117544	0.19475554	75.0	20227.090337753296	0.76666665	0.17555556	0.02423231	0.16076268	0.00013829653	1.5247154	3.141137	0.015290571	0.485332	0.9998549	0.0048671397	0.04748781	0.23198026	0.003085462
203	247.26736	35.448235	323.49173	133.51598	50.0	82.62742	55.572327	242.66698	-8.353312	4590000	1.4901161e-09	309.8561	-0.022099975	-52.556446	-0.05898769	0.013501217	0.16151111	79.0	20330.645356416702	0.7644445	0.16444445	0.026156487	0.15333684	0.00047434066	1.5076597	3.1285768	0.008643513	0.47990295	0.9958569	0.0027513155	0.0505228	0.31926823	0.003972636
204	250.33308	31.747978	319.07867	172.5029	50.0	81.80423	56.4499	243.72873	0.05601096	4612500	3.1292437e-08	291.3798	-0.021136401	-42.302204	-0.06264572	0.011096791	0.14057778	79.0	20435.571962356567	0.79333335	0.13111112	0.022573285	0.09156692	0.00047376513	1.5809865	3.1402106	0.006660656	0.5032436	0.9995601	0.0021201526	0.04622783	0.15295453	0.004896504
205	252.04256	32.78351	323.8581	131.99808	50.0	83.582306	55.931255	239.71902	-11.411288	4635000	-3.7252903e-09	314.0252	-0.020590026	-38.704414	-0.06669774	0.012553426	0.16595557	79.0	20535.331341028214	0.7911111	0.17777778	0.02343691	0.1258308	0.000876969	1.4653233	3.1378887	0.011309785	0.46642694	0.998821	0.0036000165	0.045447804	0.16383494	0.00248547
206	253.19661	32.42946	328.35422	173.23817	50.0	83.05979	56.57198	244.99266	-6.9329605	4657500	-1.4901161e-08	308.868	-0.019349098	-35.633728	-0.07021253	0.01519913	0.16706666	68.0	20634.666180610657	0.75777775	0.16888888	0.023168733	0.099106565	0.00042018655	1.4431803	3.1394897	0.0072588567	0.45937854	0.99933064	0.002310566	0.045160335	0.19071923	0.0028001687
207	252.3202	35.196064	321.7325	140.135	50.0	84.723976	56.39289	243.86449	-23.23103	4680000	-8.195639e-09	351.34497	-0.021225136	-59.577553	-0.07388957	0.0151106985	0.16555557	71.0	20738.88296699524	0.76222223	0.16666667	0.024254354	0.1309564	0.00025467706	1.4670942	3.1368067	0.016817546	0.4669906	0.99847656	0.005353191	0.046774544	0.28084764	0.0033299027
208	255.19519	32.676083	325.69708	140.6214	50.0	84.16801	56.704872	244.53639	-4.5164566	4702500	1.5646219e-08	325.96948	-0.021464814	-56.2352	-0.07844737	0.012515391	0.15893334	79.0	20840.446063041687	0.74666667	0.19111112	0.02326525	0.15349998	0.00012463477	1.3927044	3.1353762	0.013419678	0.44331157	0.99802125	0.004271616	0.04481328	0.2738823	0.0019010835
209	250.3941	34.88139	319.174	137.43057	50.0	83.30931	56.689808	245.58076	-9.166201	4725000	1.0430813e-08	321.82645	-0.02155741	-59.02431	-0.07957178	0.014273214	0.15671112	79.0	20939.521167755127	0.76222223	0.14666666	0.023949726	0.1594652	0.0013240442	1.5040933	3.1367688	0.008285118	0.47876772	0.9984646	0.002637235	0.04555133	0.2874064	0.005831149
210	253.0007	32.58967	324.04044	146.59799	50.0	83.10574	56.575035	243.79767	-17.963438	4747500	2.2351743e-09	314.79858	-0.020773303	-39.87558	-0.08372605	0.015144741	0.1836	69.0	21040.035800218582	0.77555555	0.1711111	0.02415129	0.1536609	0.00058311893	1.4974309	3.1302254	0.0027488554	0.47664708	0.99638164	0.0008749878	0.046192102	0.22406766	0.004827902
211	251.95718	33.51257	326.10843	145.2797	50.0	83.13517	56.517853	245.57617	-13.295702	4770000	-7.450581e-09	300.7803	-0.018497929	-31.28226	-0.09069352	0.015205492	0.18968889	66.0	21141.97492790222	0.7977778	0.15111111	0.02339911	0.15700425	0.0010831683	1.5186574	3.140474	0.01312563	0.48340368	0.9996439	0.004178018	0.04470656	0.30069152	0.0035016797
212	254.26057	32.805386	319.68567	136.83255	50.0	83.97426	56.970337	246.00325	-12.974764	4792500	1.0430813e-08	295.29962	0.011501542	-38.118984	-0.09179555	0.02846918	0.37666667	4.0	21245.91374397278	0.7311111	0.1711111	0.022637777	0.15079704	0.001602142	1.4301226	3.1035187	0.00993948	0.45522216	0.9878807	0.0031638346	0.044628244	0.2115122	0.0045545977
213	251.38748	33.653988	327.37408	133.14641	50.0	82.76191	57.008183	246.29042	-20.026747	4815000	-5.2154063e-09	344.78467	0.035416324	-54.504677	-0.09219678	0.05367016	0.51008886	1.0	21341.79464697838	0.7733333	0.15555556	0.02319547	0.1538045	0.0005739497	1.4741693	3.1374297	0.0047913967	0.4692427	0.99867487	0.001525149	0.045787923	0.27182642	0.0025730974
214	253.56389	32.673557	331.76453	165.25122	50.0	86.47624	56.64002	243.18076	-10.334612	4837500	4.4703485e-09	317.6905	0.025878757	-51.180893	-0.092348754	0.03541313	0.4344	1.0	21445.206702709198	0.7822222	0.18888889	0.025016705	0.15831192	0.0006407516	1.4669498	3.140189	0.021630518	0.4669446	0.99955314	0.0068852077	0.04609727	0.26154062	0.0050469097
215	248.50917	34.986893	323.6904	119.77266	50.0	82.875275	55.506916	240.97823	-1.4127116	4860000	-1.6391278e-08	345.3457	0.015695576	-51.00583	-0.09243882	0.022698702	0.33986667	1.0	21543.297639131546	0.73777777	0.16	0.025021851	0.15673934	0.00063615775	1.5028186	3.1359153	0.005742836	0.47836202	0.99819285	0.0018280013	0.045895997	0.2810325	0.005491478
216	248.18604	34.84375	317.7963	149.62108	50.0	83.67202	55.274475	241.81842	-21.05204	4882500	2.2351743e-09	316.86957	0.0029204045	-43.68006	-0.09252103	0.016152427	0.23462221	2.0	21643.506856918335	0.79555553	0.1711111	0.025727011	0.1538449	0.0007129415	1.4721056	3.1414847	0.0012097566	0.4685857	0.99996567	0.0003850775	0.047942843	0.25967303	0.0056838994
217	250.34836	32.326088	324.25525	161.53944	50.0	80.36288	55.697044	240.53978	-7.776604	4905000	-1.4156103e-08	329.34882	0.033986904	-46.93764	-0.09263775	0.054752152	0.5258223	1.0	21738.787244796753	0.7777778	0.15555556	0.02503753	0.12411506	0.00062101404	1.5199723	3.131834	0.008910897	0.48382226	0.9968937	0.0028364267	0.046376247	0.18134071	0.004105959
218	254.34274	32.716873	322.89456	155.3059	50.0	82.84769	56.14746	242.09097	-0.1885469	4927500	-2.6077032e-09	309.96997	0.039674353	-43.477577	-0.092728175	0.06428049	0.5561334	1.0	21843.149617433548	0.75555557	0.17333333	0.024019297	0.117437914	0.0006816435	1.4519773	3.1371787	0.0064318115	0.46217874	0.998595	0.0020473092	0.04551553	0.17847128	0.0038472496
219	253.28218	33.550617	319.6132	148.13622	50.0	82.91379	56.720215	244.95471	-3.5608273	4950000	6.7055224e-09	315.58002	0.03129546	-54.155884	-0.09286395	0.043711163	0.4804	1.0	21948.862498521805	0.80222225	0.18222222	0.023168912	0.15175793	0.0005829301	1.4634383	3.1250694	0.009350151	0.46582687	0.9947405	0.0029762455	0.044335056	0.23849016	0.0031639684
220	252.89557	32.982033	325.14505	136.61499	50.0	82.77742	57.55167	246.80737	-16.987349	4972500	2.9802323e-09	331.26324	0.024220133	-40.884453	-0.09302101	0.036175683	0.4392	1.0	22046.201426029205	0.75333333	0.16222222	0.024314644	0.15658838	0.0007290219	1.5113881	3.1414413	0.028246328	0.48108974	0.9999518	0.008991086	0.04761488	0.25351742	0.007000183
221	251.09851	34.835785	322.38803	121.25292	50.0	82.36249	56.3301	246.13896	-42.988377	4995000	1.1920929e-08	329.27545	0.018277662	-39.502808	-0.093190946	0.026675824	0.38542223	1.0	22152.318731546402	0.7488889	0.15333334	0.026220674	0.160667	0.0009870961	1.5078748	3.1263528	0.031401634	0.47997144	0.995149	0.009995451	0.051510017	0.28111202	0.0060143485
222	250.42062	32.54842	327.09088	120.33945	50.0	81.38737	57.574783	245.94376	-25.808163	5017500	-1.1175871e-09	300.33893	0.012248705	-39.17611	-0.09335755	0.023840737	0.31835556	1.0	22252.068177461624	0.73333335	0.13555555	0.02696334	0.16098425	0.0009212575	1.4977955	3.137299	0.012006702	0.4767631	0.99863327	0.003821852	0.0515563	0.2828332	0.0028194115
223	253.09518	33.49442	324.7461	122.84438	50.0	81.72714	56.751003	246.00328	-24.106508	5040000	-4.4703485e-09	293.2306	-0.0032507386	-38.77131	-0.0935264	0.015400812	0.21097776	9.0	22356.81239247322	0.7311111	0.16	0.025753573	0.15067013	0.0020474151	1.4050537	3.1373596	0.015577144	0.4472425	0.9986526	0.004958359	0.05036809	0.1936379	0.0036487402
224	250.7495	33.616478	327.4827	131.23477	50.0	82.684425	57.446415	246.29039	-35.69207	5062500	2.682209e-08	321.45743	0.0117195	-56.39222	-0.094853655	0.024447668	0.33995557	1.0	22458.577275514603	0.7022222	0.11333334	0.027046356	0.15502444	0.0020271086	1.5208659	3.1346269	0.0033713016	0.48410666	0.9977827	0.0010731186	0.053500544	0.23565362	0.007959181
225	253.46184	34.423557	334.1942	137.65625	50.0	80.79916	56.614212	244.65102	-16.614897	5085000	0.0	313.49057	0.013110228	-58.456055	-0.0949858	0.02382128	0.3408	1.0	22556.16969680786	0.7266667	0.15111111	0.025043491	0.16274694	0.0015932902	1.4685984	3.1218681	0.019999888	0.46746933	0.99372154	0.006366162	0.050386887	0.3534807	0.004931296
226	251.92473	35.221462	325.8266	132.59563	50.0	82.62493	57.55632	246.37546	-11.963932	5107500	5.9604646e-09	359.9355	0.0091230795	-55.083996	-0.0951131	0.016664041	0.25515556	1.0	22659.255004644394	0.76666665	0.14666666	0.02583432	0.16115355	0.000794536	1.4884671	3.1373992	0.0033102508	0.4737938	0.9986652	0.0010536856	0.051250514	0.2933537	0.005204765
227	253.78128	33.117893	330.82596	123.3397	50.0	82.64842	56.916733	245.40952	-5.2678785	5130000	3.7252903e-09	338.227	0.002274753	-48.26368	-0.095234856	0.015000856	0.23742223	3.0	22761.794636249542	0.7688889	0.15333334	0.02486593	0.16214605	0.0007476278	1.4873006	3.1388326	0.0032605855	0.47342244	0.9991214	0.0010378766	0.047695994	0.23841679	0.0026404706
228	253.8623	34.25843	325.27972	115.59272	50.0	83.02119	57.468163	246.9615	-19.821743	5152500	-2.5331975e-08	307.1458	-0.021344367	-42.272408	-0.095577896	0.012209158	0.1396	79.0	22862.639193296432	0.72444445	0.13777778	0.02367143	0.15302363	0.000995091	1.5115546	3.1394126	0.017199198	0.4811428	0.9993061	0.005474675	0.04674806	0.26142833	0.0032521235
229	253.2325	35.35868	336.64722	126.46198	50.0	82.81644	57.255726	246.52856	2.6741655	5175000	1.4901161e-08	343.66055	-0.022340951	-50.526306	-0.09652218	0.013378864	0.1564	79.0	22964.27401781082	0.75777775	0.18888889	0.024638059	0.15375724	0.0010129834	1.4906918	3.1395092	0.006895069	0.47450188	0.99933684	0.0021947685	0.048939716	0.28405246	0.0038455278
230	254.35945	34.126526	324.20126	112.55886	50.0	82.0739	57.176044	250.61165	-15.212462	5197500	2.3841858e-08	298.84637	-0.021590393	-37.65568	-0.10153814	0.012052117	0.15577778	79.0	23067.782777547836	0.7977778	0.18666667	0.02271961	0.15799443	0.00035029204	1.4162242	3.1338933	0.007742769	0.45079812	0.99754924	0.0024646	0.045027588	0.28195664	0.003688284
231	254.39519	33.449604	325.26913	122.34194	50.0	83.73587	57.560608	252.14598	-0.35388684	5220000	-1.3411045e-08	353.3225	-0.023117755	-48.925423	-0.10626666	0.011236498	0.14857778	79.0	23169.558744192123	0.75333333	0.15777777	0.023930771	0.15965597	0.0014527695	1.4990158	3.128931	0.014401648	0.4771516	0.9959697	0.0045841867	0.04560914	0.2287882	0.0041805524
232	254.32382	33.032852	327.8903	158.94536	50.0	83.23094	57.381847	250.02219	-30.393496	5242500	-7.636845e-09	339.27426	-0.02154986	-49.033073	-0.11011706	0.01293038	0.15226667	79.0	23269.23191523552	0.77111113	0.16888888	0.023699423	0.16059282	0.00026623864	1.5043018	3.1300142	0.020059193	0.4788341	0.99631447	0.0063850395	0.045395695	0.2596624	0.003592326
233	256.65042	33.763508	328.62738	130.76173	50.0	83.65354	57.58572	250.7781	-11.258724	5265000	2.9802322e-08	303.1029	-0.021639101	-37.100853	-0.11204813	0.012443779	0.18759999	79.0	23365.59523177147	0.7777778	0.19333333	0.023989169	0.16078456	0.00052900566	1.3890916	3.137732	0.0056457696	0.44216162	0.9987711	0.0017971044	0.047482118	0.22887717	0.00487789
234	254.59149	31.997942	320.61816	132.49335	50.0	82.89341	57.8024	250.04002	-29.030994	5287500	-1.1175871e-08	262.7968	-0.021190008	-31.1651	-0.118566416	0.013709026	0.15964444	79.0	23464.94857120514	0.7911111	0.15111111	0.022827234	0.18273681	0.0011237282	1.545757	3.140579	0.006785169	0.49202976	0.9996773	0.0021597862	0.046218116	0.53616804	0.004914664
235	254.05005	33.162174	325.643	126.996414	50.0	83.92253	56.55971	249.22742	-11.196491	5310000	6.7055224e-09	311.17554	-0.021958869	-39.39415	-0.12011452	0.013316047	0.1492	79.0	23561.443618774414	0.7644445	0.15777777	0.023403918	0.15095638	8.927472e-05	1.482452	3.1356387	0.00834171	0.4718791	0.9981048	0.0026552489	0.044975933	0.2582552	0.0022864048
236	257.07773	31.541151	337.3874	115.84367	50.0	83.22453	57.522438	243.19502	-25.046734	5332500	-7.4505807e-10	304.98373	-0.021732656	-40.11396	-0.12556997	0.0113061685	0.15266666	79.0	23660.512738466263	0.7866667	0.18666667	0.02183848	0.1510412	0.00024520533	1.4734381	3.1370757	0.012436631	0.46900994	0.99856216	0.0039587026	0.044727754	0.22674502	0.0069395253
237	258.17294	32.635376	328.1893	127.75883	50.0	85.89467	57.70405	245.60616	-0.7629037	5355000	1.6018749e-08	313.95953	-0.020243144	-42.137585	-0.1282058	0.013600854	0.17462222	79.0	23763.924070835114	0.75333333	0.16444445	0.02218026	0.1517561	0.0009127393	1.3979045	3.137417	0.00049706694	0.4449668	0.9986709	0.00015822132	0.04434279	0.26788637	0.004810178
238	256.70624	31.293293	330.67398	134.30394	50.0	85.00502	57.896698	247.19934	-12.298378	5377500	1.3411045e-08	289.64984	-0.021461982	-36.736217	-0.13374405	0.01065749	0.15613332	79.0	23862.322640419006	0.75777775	0.16888888	0.022165274	0.15356247	0.0007498907	1.429615	3.1368752	0.01531623	0.45506063	0.9984984	0.0048753074	0.0440302	0.25703377	0.0058347536
239	258.39438	34.068497	325.1851	148.63509	50.0	85.35549	58.378185	248.39583	-12.378223	5400000	-3.054738e-08	301.82114	-0.020987043	-37.23913	-0.13857928	0.012891713	0.15773335	79.0	23958.574897050858	0.78	0.21555555	0.023483925	0.15534483	0.0005612437	1.3663807	3.1369727	0.010155473	0.43493253	0.9985294	0.0032325876	0.04626883	0.26161945	0.0040876083
240	254.25986	33.096382	324.36444	139.91829	50.0	82.42187	56.830315	248.01491	-4.2960653	5422500	4.172325e-08	308.23126	-0.021259122	-37.401806	-0.1422114	0.012429707	0.15542223	79.0	24061.663848876953	0.7866667	0.1711111	0.022303691	0.15154889	0.0012633501	1.4697814	3.1406503	0.014027081	0.46784595	0.9997	0.004464959	0.04445698	0.2350791	0.004489409
241	255.2709	31.565882	326.23795	158.72438	50.0	84.84514	56.916225	249.96606	-2.0152519	5445000	2.7939677e-09	274.13528	-0.020292105	-39.1399	-0.14602661	0.015559045	0.18324444	69.0	24159.622158527374	0.75333333	0.16444445	0.021259874	0.15190208	0.0008936845	1.4839402	3.1295247	0.021721728	0.47235286	0.99615866	0.0069142412	0.04200229	0.24177901	0.0034312373
242	254.24619	32.672104	335.44406	163.22029	50.0	84.20053	56.997173	250.4795	-28.565517	5467500	4.0233136e-08	312.64453	-0.0010614431	-40.255146	-0.15113516	0.015717005	0.21826668	9.0	24258.155919075012	0.7822222	0.18222222	0.022193035	0.1520348	0.0011914037	1.4543132	3.1400802	0.014219039	0.46292222	0.9995185	0.0045260605	0.042271525	0.24169096	0.0026319053
243	256.03128	32.085472	330.98254	128.29825	50.0	83.17701	57.560276	253.0579	-8.781498	5490000	9.685754e-09	296.1274	-0.019664906	-44.81922	-0.15123338	0.015441341	0.17995556	59.0	24355.341056108475	0.79333335	0.20666666	0.02067209	0.15838392	0.0006256767	1.3921686	3.1409254	0.01341918	0.44314107	0.99978757	0.004271458	0.040628772	0.30845287	0.00082359364
244	256.34912	31.760412	331.38403	179.95998	50.0	83.81437	57.56752	253.79263	-15.316404	5512500	-1.4901161e-09	263.28577	-0.022031168	-33.658337	-0.15415716	0.01251934	0.15533333	79.0	24458.481855630875	0.76666665	0.16	0.021194272	0.0868762	0.00046164906	1.4998716	3.1396613	0.01406909	0.47742394	0.99938524	0.0044783303	0.04332378	0.20060392	0.0022537624
245	254.09312	33.413574	325.77338	133.52893	50.0	83.87233	57.475437	251.36862	-5.6591783	5535000	-5.9604646e-09	334.13177	-0.022021752	-50.97843	-0.15783408	0.015118006	0.1672889	76.0	24556.941954612732	0.7222222	0.16	0.022399597	0.16082095	0.00056910334	1.5083467	3.1397595	0.011478566	0.48012164	0.9994165	0.003653741	0.043348115	0.27841124	0.001465173
246	254.95473	32.293472	324.89874	150.721	50.0	83.30063	56.487534	247.64847	-17.8298	5557500	1.1920929e-08	278.5824	-0.018042544	-35.430946	-0.16075516	0.01543542	0.19066668	71.0	24659.10195827484	0.77111113	0.15555556	0.02230841	0.1523029	0.0018255988	1.4795824	3.139109	0.021304566	0.47096568	0.99920934	0.006781454	0.04378355	0.24921754	0.004576464
247	256.69232	31.720985	327.0561	131.68813	50.0	83.830475	57.21765	252.29514	-3.3599637	5580000	5.2154064e-08	280.49454	-0.0017377443	-34.92396	-0.16391918	0.015360166	0.22102222	9.0	24762.21521949768	0.76666665	0.18	0.020809589	0.108859755	0.001295852	1.4338048	3.1359117	0.01588657	0.45639426	0.99819165	0.005056852	0.042811517	0.14858438	0.0048562614
248	258.66583	31.730022	321.86713	132.21689	50.0	85.90261	57.378735	252.94992	-2.2811995	5602500	-1.9371509e-08	283.06763	-0.00026017305	-30.03858	-0.16458204	0.017318863	0.26413333	4.0	24864.289771080017	0.79333335	0.17333333	0.021018561	0.15172051	0.00059265096	1.4087423	3.1276197	0.013527474	0.44841662	0.9955523	0.004305929	0.040587846	0.23349427	0.0024411397
249	255.5983	34.188877	331.68045	119.24711	50.0	85.80296	57.029503	252.58801	-4.346947	5625000	1.9371509e-08	339.51855	0.0074446215	-58.37547	-0.16494668	0.015982144	0.24777779	1.0	24961.023238182068	0.7777778	0.18666667	0.022786157	0.15311193	0.00044598334	1.4581282	3.1415136	0.019020159	0.4641367	0.99997485	0.0060543045	0.04167558	0.2529411	0.002707062
